80	211
80	216
80	244
80	246
81	209
81	210
81	211
81	212
81	215
81	216
81	217
81	218
81	219
81	220
81	221
81	222
81	223
81	224
81	241
81	243
81	244
81	245
81	246
81	247
81	248
81	249
81	250
81	253
81	254
81	255
81	256
82	209
82	210
82	211
82	212
82	216
82	217
82	218
82	219
82	220
82	243
82	244
82	245
82	246
82	247
82	248
82	249
82	250
82	253
82	254
82	255
82	256
83	208
83	209
83	210
83	211
83	212
83	214
83	215
83	216
83	217
83	218
83	219
83	220
83	221
83	222
83	223
83	224
83	242
83	243
83	244
83	245
83	246
83	247
83	248
83	249
83	253
83	254
83	256
84	208
84	209
84	210
84	211
84	212
84	214
84	215
84	216
84	217
84	218
84	219
84	220
84	221
84	222
84	223
84	224
84	243
84	244
84	245
84	246
84	247
84	248
84	249
84	250
84	251
84	252
84	253
84	254
84	255
84	256
85	210
85	211
85	212
85	213
85	216
85	217
85	218
85	219
85	220
85	221
85	222
85	223
85	224
85	242
85	243
85	244
85	245
85	246
85	247
85	248
85	251
85	252
85	255
85	256
86	209
86	210
86	212
86	213
86	214
86	217
86	218
86	219
86	220
86	221
86	222
86	223
86	224
86	241
86	242
86	243
86	244
86	246
86	247
86	248
86	249
86	250
86	251
86	252
86	255
86	256
87	209
87	212
87	213
87	214
87	215
87	217
87	218
87	219
87	220
87	221
87	222
87	223
87	224
87	240
87	241
87	242
87	244
87	245
87	246
87	247
87	248
87	249
87	250
87	251
87	252
87	255
87	256
88	209
88	210
88	211
88	212
88	213
88	214
88	215
88	216
88	217
88	218
88	219
88	220
88	221
88	222
88	223
88	224
88	240
88	241
88	242
88	243
88	244
88	245
88	246
88	247
88	248
88	249
88	250
88	251
88	252
88	253
88	254
88	256
89	209
89	210
89	211
89	212
89	213
89	214
89	215
89	216
89	217
89	219
89	220
89	221
89	222
89	223
89	224
89	240
89	241
89	242
89	243
89	244
89	245
89	246
89	247
89	248
89	249
89	250
89	251
89	252
89	253
89	254
89	256
90	209
90	210
90	211
90	212
90	213
90	214
90	215
90	216
90	217
90	218
90	219
90	220
90	221
90	222
90	223
90	224
90	225
90	241
90	242
90	243
90	244
90	245
90	246
90	247
90	248
90	249
90	250
90	251
90	252
90	253
90	254
90	255
91	208
91	209
91	210
91	211
91	212
91	213
91	214
91	215
91	216
91	217
91	218
91	219
91	220
91	221
91	222
91	223
91	224
91	225
91	241
91	242
91	243
91	244
91	245
91	246
91	247
91	248
91	249
91	251
91	253
91	254
91	255
91	256
92	209
92	210
92	212
92	213
92	214
92	215
92	216
92	217
92	218
92	219
92	220
92	221
92	222
92	223
92	224
92	225
92	240
92	241
92	242
92	243
92	245
92	246
92	247
92	248
92	249
92	250
92	253
92	254
92	255
92	256
92	257
93	208
93	209
93	210
93	211
93	212
93	213
93	214
93	215
93	216
93	217
93	218
93	219
93	220
93	221
93	222
93	223
93	224
93	225
93	240
93	241
93	242
93	243
93	245
93	246
93	247
93	248
93	249
93	250
93	251
93	253
93	254
93	255
93	256
93	257
94	208
94	209
94	210
94	211
94	212
94	213
94	214
94	215
94	216
94	217
94	218
94	219
94	220
94	221
94	222
94	223
94	224
94	225
94	241
94	242
94	244
94	245
94	246
94	247
94	248
94	249
94	250
94	251
94	253
94	254
94	255
94	256
95	208
95	209
95	210
95	211
95	212
95	213
95	214
95	215
95	216
95	217
95	218
95	219
95	220
95	221
95	222
95	223
95	224
95	225
95	240
95	241
95	242
95	243
95	244
95	245
95	246
95	247
95	248
95	249
95	250
95	251
95	253
95	254
95	256
96	208
96	209
96	210
96	211
96	212
96	213
96	214
96	215
96	216
96	217
96	218
96	219
96	220
96	221
96	222
96	223
96	224
96	225
96	241
96	242
96	243
96	244
96	245
96	246
96	247
96	248
96	249
96	250
96	251
96	253
96	254
96	256
97	195
97	196
97	199
97	200
97	201
97	204
97	205
97	206
97	207
97	208
97	209
97	210
97	211
97	212
97	213
97	214
97	215
97	216
97	217
97	218
97	219
97	220
97	221
97	222
97	223
97	224
97	225
97	226
97	227
97	228
97	233
97	234
97	236
97	237
97	238
97	239
97	240
97	241
97	242
97	243
97	244
97	245
97	246
97	247
97	248
97	249
97	250
97	251
97	252
97	253
97	254
98	195
98	196
98	197
98	198
98	200
98	201
98	203
98	204
98	205
98	206
98	207
98	208
98	209
98	210
98	211
98	212
98	213
98	214
98	215
98	216
98	217
98	218
98	219
98	220
98	221
98	222
98	223
98	224
98	225
98	226
98	227
98	228
98	229
98	232
98	233
98	234
98	235
98	236
98	237
98	239
98	240
98	241
98	244
98	245
98	246
98	247
98	248
98	249
98	250
99	196
99	197
99	198
99	199
99	200
99	201
99	204
99	205
99	206
99	207
99	208
99	209
99	210
99	211
99	212
99	213
99	214
99	215
99	216
99	217
99	218
99	219
99	220
99	221
99	222
99	223
99	224
99	225
99	227
99	228
99	229
99	230
99	232
99	233
99	236
99	237
99	238
99	239
99	240
99	241
99	242
99	243
99	244
99	245
99	246
99	247
99	248
99	249
99	250
99	255
99	256
100	196
100	197
100	198
100	199
100	200
100	201
100	202
100	204
100	205
100	206
100	207
100	208
100	209
100	210
100	211
100	212
100	213
100	214
100	215
100	216
100	217
100	218
100	219
100	220
100	223
100	224
100	225
100	227
100	228
100	229
100	230
100	232
100	233
100	234
100	235
100	236
100	237
100	238
100	239
100	240
100	241
100	242
100	243
100	244
100	245
100	246
100	247
100	248
100	249
100	250
100	253
100	254
100	255
101	193
101	194
101	196
101	197
101	198
101	199
101	200
101	202
101	204
101	205
101	206
101	207
101	208
101	209
101	210
101	211
101	212
101	213
101	214
101	215
101	216
101	217
101	218
101	219
101	220
101	221
101	222
101	225
101	227
101	228
101	229
101	230
101	231
101	232
101	233
101	234
101	235
101	237
101	238
101	239
101	240
101	242
101	245
101	246
101	247
101	248
101	249
101	250
101	251
101	252
101	253
101	254
102	193
102	194
102	198
102	199
102	200
102	201
102	203
102	204
102	205
102	206
102	207
102	208
102	209
102	210
102	211
102	212
102	213
102	214
102	215
102	216
102	217
102	218
102	219
102	220
102	221
102	222
102	227
102	228
102	229
102	230
102	231
102	232
102	233
102	234
102	235
102	236
102	237
102	238
102	239
102	240
102	241
102	242
102	243
102	244
102	245
102	246
102	247
102	248
102	249
102	250
102	251
102	252
102	253
102	254
102	256
103	193
103	194
103	196
103	197
103	198
103	199
103	200
103	201
103	202
103	203
103	204
103	205
103	206
103	207
103	208
103	209
103	210
103	211
103	212
103	213
103	214
103	215
103	216
103	219
103	221
103	222
103	223
103	224
103	226
103	227
103	228
103	229
103	230
103	231
103	232
103	233
103	234
103	236
103	237
103	238
103	239
103	240
103	241
103	242
103	243
103	244
103	245
103	246
103	247
103	248
103	250
103	251
103	253
103	254
103	255
103	256
103	257
104	193
104	196
104	197
104	198
104	199
104	200
104	201
104	202
104	203
104	204
104	205
104	206
104	207
104	208
104	209
104	210
104	211
104	212
104	213
104	214
104	215
104	216
104	217
104	218
104	219
104	220
104	221
104	222
104	223
104	224
104	226
104	227
104	228
104	229
104	230
104	231
104	233
104	234
104	235
104	236
104	237
104	238
104	239
104	240
104	241
104	242
104	243
104	244
104	245
104	246
104	247
104	248
104	249
104	250
104	251
104	252
104	253
104	254
104	255
104	256
104	257
105	193
105	194
105	195
105	196
105	197
105	198
105	199
105	200
105	201
105	202
105	203
105	204
105	205
105	206
105	207
105	208
105	209
105	210
105	211
105	212
105	213
105	214
105	215
105	216
105	217
105	218
105	219
105	220
105	221
105	222
105	223
105	224
105	226
105	227
105	231
105	232
105	233
105	234
105	235
105	236
105	237
105	238
105	239
105	240
105	241
105	242
105	243
105	244
105	245
105	246
105	247
105	248
105	249
105	250
105	251
105	252
105	253
105	254
105	255
105	256
105	257
106	193
106	194
106	195
106	196
106	197
106	198
106	199
106	200
106	201
106	202
106	203
106	204
106	205
106	206
106	207
106	208
106	209
106	210
106	211
106	212
106	213
106	214
106	215
106	216
106	217
106	218
106	219
106	220
106	221
106	222
106	223
106	224
106	230
106	231
106	232
106	233
106	234
106	237
106	238
106	239
106	240
106	241
106	242
106	243
106	244
106	245
106	246
106	247
106	248
106	249
106	250
106	252
106	253
106	254
106	255
106	256
106	257
107	193
107	194
107	195
107	196
107	197
107	198
107	199
107	200
107	201
107	202
107	203
107	204
107	205
107	206
107	207
107	208
107	209
107	210
107	211
107	212
107	213
107	214
107	215
107	216
107	217
107	218
107	219
107	220
107	221
107	222
107	223
107	226
107	227
107	228
107	229
107	230
107	231
107	232
107	233
107	234
107	235
107	236
107	237
107	238
107	239
107	240
107	241
107	242
107	243
107	245
107	246
107	247
107	248
107	249
107	251
107	252
107	253
107	254
107	255
107	256
108	193
108	194
108	195
108	197
108	198
108	199
108	200
108	201
108	202
108	203
108	204
108	205
108	206
108	207
108	208
108	209
108	210
108	211
108	212
108	213
108	214
108	216
108	217
108	218
108	219
108	220
108	221
108	222
108	223
108	224
108	226
108	227
108	228
108	229
108	230
108	231
108	232
108	233
108	235
108	236
108	237
108	238
108	239
108	240
108	241
108	242
108	243
108	244
108	245
108	246
108	247
108	248
108	249
108	251
108	252
108	253
109	196
109	197
109	198
109	199
109	201
109	202
109	203
109	204
109	205
109	206
109	207
109	208
109	209
109	210
109	212
109	213
109	214
109	215
109	216
109	217
109	218
109	220
109	221
109	222
109	223
109	224
109	225
109	226
109	227
109	228
109	229
109	230
109	231
109	232
109	233
109	234
109	235
109	236
109	237
109	238
109	239
109	240
109	241
109	242
109	243
109	244
109	245
109	247
109	248
109	249
109	250
109	251
109	252
109	253
109	254
109	255
109	256
110	195
110	196
110	197
110	198
110	199
110	201
110	202
110	203
110	204
110	207
110	208
110	209
110	210
110	212
110	213
110	214
110	215
110	216
110	217
110	218
110	221
110	222
110	223
110	224
110	227
110	228
110	230
110	231
110	232
110	233
110	234
110	235
110	236
110	237
110	238
110	239
110	240
110	241
110	242
110	243
110	244
110	245
110	246
110	247
110	248
110	249
110	250
110	251
110	252
110	253
110	254
111	193
111	194
111	197
111	198
111	199
111	201
111	202
111	203
111	204
111	205
111	206
111	208
111	209
111	210
111	211
111	212
111	213
111	214
111	215
111	217
111	218
111	219
111	220
111	221
111	222
111	223
111	224
111	225
111	226
111	227
111	228
111	229
111	230
111	231
111	232
111	233
111	234
111	235
111	236
111	237
111	238
111	239
111	240
111	241
111	242
111	243
111	244
111	246
111	248
111	249
111	250
111	252
111	254
111	255
111	256
111	257
112	193
112	194
112	195
112	197
112	199
112	201
112	202
112	203
112	204
112	205
112	206
112	207
112	208
112	209
112	210
112	211
112	212
112	213
112	214
112	216
112	217
112	218
112	219
112	220
112	221
112	222
112	223
112	224
112	225
112	226
112	227
112	229
112	230
112	231
112	233
112	234
112	235
112	236
112	237
112	238
112	239
112	240
112	241
112	242
112	243
112	244
112	245
112	246
112	247
112	248
112	249
112	250
112	253
112	254
112	255
112	256
112	257
113	201
113	202
113	203
113	204
113	205
113	208
113	209
113	210
113	211
113	212
113	213
113	214
113	215
113	216
113	217
113	218
113	220
113	221
113	222
113	223
113	224
113	225
113	226
113	227
113	228
113	229
113	230
113	231
113	232
113	233
113	234
113	235
113	236
113	237
113	238
113	239
113	240
113	241
113	242
113	243
113	244
113	245
113	246
113	250
113	254
113	255
113	256
114	209
114	211
114	212
114	213
114	214
114	215
114	217
114	218
114	219
114	220
114	221
114	222
114	224
114	225
114	226
114	227
114	228
114	229
114	230
114	231
114	232
114	233
114	234
114	235
114	236
114	237
114	238
114	239
114	240
114	241
114	242
114	243
114	244
114	245
114	246
114	247
115	209
115	211
115	212
115	213
115	215
115	216
115	217
115	218
115	219
115	220
115	221
115	222
115	223
115	224
115	225
115	226
115	227
115	228
115	229
115	230
115	231
115	232
115	233
115	234
115	235
115	236
115	237
115	238
115	239
115	240
115	241
115	242
115	243
115	244
115	245
115	246
115	247
116	209
116	211
116	212
116	213
116	215
116	216
116	217
116	218
116	219
116	220
116	221
116	223
116	224
116	225
116	226
116	227
116	228
116	229
116	230
116	231
116	232
116	233
116	234
116	235
116	236
116	237
116	238
116	239
116	240
116	241
116	242
116	243
116	244
116	245
116	246
117	211
117	212
117	213
117	214
117	218
117	219
117	222
117	223
117	224
117	225
117	226
117	227
117	228
117	229
117	230
117	231
117	232
117	233
117	234
117	235
117	236
117	237
117	238
117	239
117	240
117	241
117	242
117	243
117	244
117	248
117	249
117	250
118	209
118	210
118	211
118	212
118	213
118	214
118	215
118	216
118	217
118	218
118	219
118	220
118	221
118	222
118	224
118	225
118	226
118	227
118	228
118	229
118	230
118	231
118	232
118	233
118	234
118	235
118	236
118	237
118	238
118	239
118	240
118	241
118	242
118	243
118	244
118	247
118	249
118	250
119	209
119	210
119	211
119	212
119	213
119	214
119	217
119	218
119	219
119	220
119	221
119	222
119	223
119	224
119	225
119	226
119	227
119	228
119	229
119	230
119	231
119	232
119	233
119	234
119	235
119	236
119	237
119	238
119	239
119	242
119	243
119	246
119	247
119	248
119	249
119	250
120	210
120	211
120	212
120	213
120	214
120	218
120	219
120	220
120	221
120	222
120	223
120	224
120	225
120	226
120	227
120	228
120	229
120	230
120	231
120	232
120	233
120	234
120	235
120	236
120	237
120	238
120	239
120	240
120	245
120	247
120	248
120	249
120	250
121	208
121	209
121	210
121	211
121	212
121	213
121	214
121	215
121	216
121	217
121	218
121	219
121	220
121	221
121	222
121	223
121	224
121	225
121	226
121	227
121	228
121	229
121	230
121	231
121	232
121	233
121	234
121	235
121	236
121	237
121	240
121	245
121	246
121	247
121	248
122	208
122	209
122	210
122	211
122	213
122	214
122	215
122	216
122	217
122	218
122	219
122	220
122	221
122	222
122	223
122	224
122	225
122	226
122	227
122	228
122	229
122	230
122	231
122	232
122	233
122	234
122	235
122	236
122	237
122	238
122	245
122	246
122	247
122	248
123	209
123	210
123	211
123	213
123	214
123	215
123	216
123	217
123	218
123	219
123	220
123	221
123	222
123	223
123	224
123	225
123	226
123	227
123	228
123	229
123	230
123	231
123	232
123	233
123	234
123	235
123	237
123	238
123	239
123	240
123	241
124	208
124	209
124	210
124	211
124	212
124	213
124	214
124	215
124	216
124	217
124	218
124	219
124	220
124	221
124	222
124	223
124	224
124	225
124	226
124	227
124	228
124	229
124	230
124	231
124	232
124	233
124	234
124	235
124	236
124	237
124	238
124	239
124	240
124	241
125	208
125	209
125	210
125	211
125	212
125	213
125	215
125	216
125	217
125	218
125	219
125	220
125	221
125	222
125	223
125	224
125	225
125	226
125	227
125	228
125	230
125	231
125	232
125	234
125	235
125	236
125	239
125	240
126	208
126	209
126	210
126	212
126	213
126	214
126	215
126	216
126	217
126	218
126	219
126	220
126	221
126	224
126	225
126	226
126	228
126	229
126	230
126	231
126	232
126	234
126	235
126	236
126	237
126	238
126	239
126	240
127	209
127	210
127	211
127	212
127	213
127	215
127	216
127	217
127	218
127	220
127	221
127	223
127	224
127	226
127	227
127	228
127	229
127	230
127	231
127	232
127	233
127	234
127	235
127	236
127	237
127	238
127	239
127	240
127	241
128	211
128	212
128	213
128	215
128	216
128	217
128	218
128	220
128	221
128	222
128	224
128	225
128	227
128	228
128	229
128	230
128	233
128	234
128	235
128	236
128	237
128	238
128	239
128	240
128	241
129	216
129	217
129	233
129	234
129	235
129	236
129	237
129	240
240	461
240	462
241	449
241	450
241	452
241	453
241	454
241	455
241	456
241	459
241	460
241	461
241	462
241	463
241	464
242	449
242	450
242	452
242	453
242	454
242	455
242	456
242	459
242	460
242	461
242	462
242	463
242	464
243	448
243	449
243	450
243	451
243	452
243	453
243	455
243	456
243	457
243	458
243	459
243	462
243	463
243	464
244	448
244	449
244	450
244	451
244	452
244	453
244	455
244	456
244	457
244	458
244	461
244	462
244	463
244	464
245	448
245	449
245	450
245	452
245	453
245	454
245	456
245	457
245	458
245	460
245	461
245	462
245	463
246	449
246	450
246	451
246	452
246	454
246	455
246	456
246	460
246	461
246	462
246	463
246	464
247	451
247	452
247	453
247	455
247	456
247	457
247	458
247	459
247	460
247	461
247	462
247	464
248	450
248	451
248	452
248	453
248	454
248	455
248	456
248	457
248	458
248	459
248	460
248	461
248	462
248	463
249	449
249	450
249	451
249	452
249	453
249	454
249	455
249	456
249	457
249	458
249	459
249	460
249	461
249	462
249	463
249	464
250	449
250	450
250	451
250	452
250	453
250	454
250	455
250	456
250	457
250	458
250	459
250	460
250	461
250	462
250	463
250	464
250	465
251	449
251	450
251	451
251	452
251	453
251	454
251	455
251	456
251	457
251	458
251	460
251	461
251	464
252	449
252	450
252	451
252	452
252	453
252	454
252	455
252	456
252	457
252	460
252	461
252	462
252	463
253	449
253	450
253	451
253	452
253	453
253	454
253	455
253	456
253	457
253	459
253	460
253	461
253	462
253	463
253	464
254	448
254	449
254	450
254	451
254	452
254	453
254	454
254	455
254	456
254	457
254	459
254	460
254	462
254	463
254	464
254	465
255	448
255	449
255	450
255	451
255	452
255	453
255	454
255	455
255	456
255	457
255	458
255	459
255	460
255	461
255	463
255	464
255	465
256	448
256	449
256	450
256	451
256	452
256	453
256	454
256	455
256	456
256	457
256	458
256	459
256	460
256	461
256	462
256	463
256	464
256	465
256	467
256	468
256	469
256	472
256	479
256	480
256	487
257	433
257	434
257	435
257	436
257	437
257	438
257	443
257	444
257	445
257	446
257	449
257	450
257	451
257	452
257	453
257	454
257	455
257	456
257	457
257	459
257	460
257	462
257	463
257	464
257	465
257	467
257	468
257	469
257	470
257	471
257	472
257	473
257	474
257	478
257	479
257	480
257	481
257	482
257	483
257	484
257	485
257	486
257	487
257	488
257	489
257	490
257	491
257	492
257	493
257	494
257	495
257	496
258	433
258	434
258	435
258	436
258	437
258	438
258	443
258	444
258	445
258	446
258	448
258	449
258	450
258	451
258	452
258	453
258	454
258	455
258	456
258	457
258	458
258	459
258	460
258	461
258	462
258	463
258	464
258	465
258	466
258	467
258	468
258	469
258	470
258	471
258	472
258	473
258	477
258	479
258	480
258	482
258	485
258	486
258	487
258	488
258	492
258	493
258	494
258	495
259	432
259	433
259	434
259	437
259	438
259	439
259	440
259	441
259	442
259	443
259	444
259	445
259	447
259	448
259	450
259	451
259	452
259	453
259	454
259	455
259	456
259	457
259	458
259	459
259	460
259	461
259	462
259	464
259	465
259	466
259	467
259	469
259	470
259	471
259	472
259	474
259	475
259	476
259	477
259	478
259	479
259	480
259	481
259	482
259	483
259	484
259	485
259	486
259	487
259	488
259	489
259	490
259	495
260	432
260	433
260	434
260	435
260	437
260	438
260	439
260	440
260	441
260	442
260	443
260	444
260	445
260	446
260	447
260	448
260	449
260	450
260	451
260	452
260	453
260	454
260	455
260	456
260	457
260	458
260	460
260	461
260	462
260	463
260	464
260	465
260	466
260	467
260	469
260	470
260	471
260	472
260	474
260	475
260	476
260	477
260	478
260	479
260	480
260	481
260	482
260	483
260	484
260	485
260	486
260	487
260	488
260	489
260	490
260	493
260	494
260	495
260	496
261	432
261	433
261	434
261	435
261	436
261	437
261	438
261	439
261	440
261	441
261	442
261	443
261	444
261	445
261	446
261	447
261	448
261	449
261	450
261	451
261	452
261	453
261	454
261	455
261	457
261	458
261	460
261	461
261	462
261	463
261	464
261	465
261	466
261	467
261	468
261	469
261	470
261	471
261	472
261	474
261	475
261	476
261	477
261	478
261	481
261	482
261	484
261	485
261	486
261	487
261	488
261	489
261	490
261	492
261	493
261	494
262	432
262	433
262	434
262	435
262	436
262	437
262	438
262	439
262	440
262	441
262	442
262	443
262	444
262	445
262	446
262	447
262	448
262	449
262	450
262	451
262	452
262	453
262	454
262	455
262	456
262	457
262	458
262	459
262	460
262	461
262	462
262	463
262	464
262	465
262	466
262	467
262	468
262	469
262	470
262	471
262	473
262	474
262	476
262	477
262	478
262	480
262	481
262	482
262	483
262	486
262	487
262	489
262	490
262	491
262	492
262	493
262	494
263	433
263	434
263	435
263	436
263	437
263	438
263	439
263	440
263	442
263	443
263	444
263	445
263	446
263	447
263	448
263	449
263	450
263	451
263	452
263	453
263	454
263	455
263	456
263	463
263	464
263	465
263	466
263	469
263	470
263	471
263	472
263	473
263	474
263	476
263	477
263	478
263	480
263	481
263	482
263	483
263	484
263	488
263	489
263	490
263	491
263	492
263	493
263	495
263	496
264	433
264	434
264	435
264	436
264	437
264	438
264	439
264	440
264	441
264	442
264	443
264	444
264	445
264	446
264	447
264	448
264	449
264	450
264	451
264	452
264	453
264	454
264	455
264	456
264	463
264	464
264	467
264	468
264	469
264	470
264	475
264	476
264	477
264	478
264	481
264	482
264	483
264	487
264	488
264	489
264	490
264	491
264	492
264	493
264	494
264	495
264	496
265	433
265	434
265	435
265	436
265	437
265	438
265	439
265	440
265	441
265	442
265	443
265	444
265	445
265	446
265	447
265	448
265	449
265	450
265	451
265	452
265	453
265	454
265	455
265	458
265	461
265	462
265	470
265	471
265	472
265	473
265	474
265	475
265	476
265	477
265	479
265	480
265	481
265	483
265	484
265	485
265	486
265	487
265	488
265	491
265	492
265	493
265	494
265	495
266	434
266	435
266	436
266	437
266	438
266	440
266	441
266	442
266	443
266	444
266	445
266	446
266	447
266	448
266	449
266	450
266	451
266	452
266	453
266	454
266	455
266	457
266	458
266	461
266	462
266	470
266	471
266	472
266	473
266	474
266	476
266	477
266	478
266	479
266	480
266	481
266	482
266	483
266	484
266	487
266	488
266	490
266	491
266	493
266	494
266	495
266	496
267	435
267	436
267	441
267	442
267	443
267	444
267	446
267	447
267	448
267	449
267	450
267	451
267	452
267	453
267	454
267	455
267	457
267	458
267	459
267	460
267	461
267	462
267	463
267	464
267	465
267	466
267	467
267	468
267	469
267	470
267	471
267	472
267	473
267	475
267	476
267	477
267	478
267	479
267	480
267	481
267	482
267	483
267	484
267	485
267	486
267	487
267	488
267	490
267	491
267	492
267	493
267	494
267	495
267	496
267	497
268	433
268	434
268	435
268	436
268	440
268	441
268	442
268	443
268	445
268	446
268	448
268	449
268	450
268	451
268	452
268	453
268	454
268	456
268	457
268	458
268	459
268	460
268	461
268	462
268	463
268	464
268	467
268	468
268	470
268	471
268	472
268	473
268	474
268	475
268	476
268	477
268	478
268	479
268	480
268	481
268	482
268	483
268	485
268	486
268	487
268	488
268	490
268	491
268	492
268	493
268	494
268	495
268	496
268	497
269	433
269	434
269	435
269	436
269	438
269	440
269	441
269	442
269	443
269	444
269	445
269	446
269	447
269	448
269	449
269	450
269	451
269	452
269	453
269	454
269	455
269	456
269	457
269	458
269	459
269	460
269	461
269	462
269	463
269	464
269	465
269	466
269	467
269	468
269	469
269	470
269	471
269	472
269	473
269	474
269	475
269	476
269	477
269	478
269	479
269	480
269	481
269	482
269	483
269	484
269	485
269	486
269	487
269	488
269	489
269	490
269	491
269	492
269	493
269	494
269	495
269	496
269	497
270	433
270	434
270	435
270	436
270	437
270	438
270	440
270	441
270	442
270	443
270	444
270	445
270	446
270	447
270	448
270	449
270	450
270	451
270	452
270	453
270	454
270	456
270	457
270	458
270	459
270	460
270	461
270	462
270	463
270	465
270	466
270	467
270	468
270	469
270	470
270	471
270	472
270	473
270	474
270	475
270	476
270	477
270	478
270	479
270	480
270	481
270	482
270	483
270	484
270	485
270	486
270	487
270	488
270	489
270	490
270	491
270	492
270	493
270	495
270	496
271	433
271	434
271	436
271	437
271	438
271	439
271	440
271	441
271	442
271	443
271	444
271	445
271	446
271	447
271	448
271	449
271	450
271	451
271	452
271	453
271	454
271	455
271	456
271	457
271	459
271	460
271	461
271	462
271	463
271	464
271	465
271	466
271	467
271	468
271	470
271	471
271	472
271	474
271	475
271	476
271	477
271	478
271	479
271	480
271	481
271	482
271	483
271	484
271	485
271	486
271	487
271	488
271	489
271	490
271	491
271	492
271	493
271	495
271	496
272	417
272	418
272	431
272	432
272	433
272	434
272	435
272	436
272	437
272	438
272	439
272	440
272	441
272	442
272	443
272	444
272	445
272	446
272	447
272	448
272	449
272	450
272	451
272	452
272	453
272	454
272	455
272	456
272	458
272	459
272	460
272	461
272	462
272	463
272	464
272	465
272	466
272	467
272	468
272	469
272	470
272	471
272	472
272	473
272	474
272	475
272	476
272	477
272	478
272	479
272	480
272	481
272	482
272	483
272	484
272	485
272	486
272	487
272	488
272	489
272	490
272	491
272	492
272	493
272	494
272	495
272	496
272	497
272	498
272	505
272	506
272	509
272	510
273	416
273	417
273	418
273	419
273	420
273	423
273	424
273	425
273	426
273	427
273	428
273	430
273	431
273	432
273	433
273	434
273	435
273	436
273	437
273	438
273	439
273	440
273	441
273	442
273	443
273	444
273	445
273	446
273	447
273	448
273	449
273	450
273	451
273	452
273	453
273	454
273	455
273	456
273	458
273	459
273	460
273	461
273	463
273	464
273	465
273	474
273	475
273	477
273	478
273	479
273	480
273	481
273	482
273	483
273	484
273	485
273	486
273	487
273	488
273	489
273	490
273	491
273	492
273	494
273	495
273	496
273	497
273	498
273	499
273	500
273	501
273	502
273	503
273	504
273	505
273	506
273	507
273	509
273	510
273	511
273	512
274	417
274	418
274	419
274	420
274	421
274	426
274	430
274	431
274	432
274	433
274	434
274	435
274	436
274	437
274	439
274	440
274	441
274	442
274	443
274	444
274	445
274	446
274	447
274	448
274	449
274	450
274	451
274	452
274	453
274	454
274	455
274	456
274	457
274	458
274	459
274	460
274	461
274	464
274	474
274	475
274	477
274	478
274	480
274	481
274	482
274	483
274	484
274	485
274	486
274	487
274	488
274	489
274	490
274	491
274	492
274	494
274	495
274	496
274	497
274	498
274	499
274	500
274	501
274	503
274	505
274	506
274	507
274	508
274	509
274	510
274	511
274	512
275	417
275	418
275	419
275	420
275	421
275	422
275	423
275	426
275	427
275	428
275	429
275	430
275	432
275	433
275	434
275	435
275	436
275	437
275	438
275	439
275	440
275	441
275	442
275	443
275	444
275	445
275	446
275	447
275	448
275	449
275	450
275	451
275	452
275	453
275	454
275	455
275	456
275	457
275	459
275	460
275	461
275	462
275	463
275	464
275	475
275	479
275	480
275	481
275	482
275	483
275	484
275	485
275	486
275	487
275	488
275	489
275	490
275	491
275	492
275	493
275	494
275	496
275	497
275	499
275	500
275	501
275	503
275	504
275	505
275	506
275	507
275	508
275	509
275	510
276	417
276	418
276	419
276	420
276	421
276	422
276	423
276	426
276	427
276	428
276	429
276	430
276	431
276	432
276	433
276	434
276	435
276	436
276	437
276	438
276	439
276	440
276	441
276	442
276	443
276	444
276	445
276	446
276	447
276	448
276	449
276	450
276	451
276	452
276	453
276	454
276	455
276	456
276	457
276	459
276	460
276	461
276	462
276	463
276	464
276	475
276	476
276	480
276	481
276	482
276	483
276	484
276	485
276	486
276	487
276	488
276	489
276	490
276	491
276	492
276	493
276	494
276	495
276	496
276	497
276	498
276	499
276	500
276	501
276	502
276	503
276	504
276	506
276	507
276	508
277	417
277	418
277	419
277	420
277	421
277	422
277	424
277	429
277	430
277	431
277	432
277	433
277	435
277	436
277	437
277	438
277	439
277	440
277	441
277	442
277	443
277	444
277	445
277	446
277	447
277	448
277	449
277	450
277	451
277	452
277	453
277	454
277	455
277	456
277	457
277	458
277	459
277	460
277	462
277	463
277	464
277	476
277	477
277	483
277	484
277	485
277	486
277	487
277	488
277	489
277	490
277	491
277	492
277	493
277	494
277	495
277	496
277	497
277	498
277	499
277	500
277	501
277	502
277	503
277	504
277	505
277	507
277	508
277	509
277	512
278	417
278	418
278	419
278	420
278	421
278	422
278	423
278	424
278	427
278	428
278	429
278	430
278	431
278	432
278	433
278	434
278	435
278	436
278	438
278	439
278	440
278	441
278	442
278	443
278	444
278	445
278	446
278	447
278	448
278	449
278	450
278	451
278	452
278	453
278	454
278	455
278	456
278	457
278	458
278	461
278	462
278	474
278	477
278	478
278	479
278	480
278	481
278	482
278	483
278	484
278	485
278	486
278	487
278	488
278	489
278	490
278	491
278	492
278	493
278	494
278	495
278	496
278	497
278	498
278	499
278	500
278	501
278	502
278	503
278	504
278	505
278	506
278	507
278	508
278	509
278	510
278	512
279	417
279	418
279	419
279	420
279	421
279	422
279	423
279	424
279	425
279	426
279	427
279	428
279	429
279	430
279	431
279	433
279	434
279	435
279	436
279	437
279	438
279	439
279	440
279	441
279	442
279	443
279	444
279	445
279	446
279	447
279	448
279	449
279	450
279	451
279	452
279	453
279	454
279	455
279	456
279	457
279	458
279	459
279	460
279	461
279	462
279	463
279	474
279	475
279	476
279	479
279	481
279	482
279	483
279	484
279	485
279	487
279	488
279	489
279	490
279	491
279	492
279	493
279	494
279	495
279	496
279	497
279	499
279	500
279	501
279	502
279	503
279	504
279	505
279	506
279	508
279	509
279	510
280	417
280	418
280	419
280	420
280	421
280	422
280	423
280	425
280	426
280	427
280	428
280	429
280	430
280	431
280	432
280	433
280	434
280	435
280	436
280	437
280	438
280	439
280	440
280	441
280	442
280	443
280	444
280	445
280	446
280	447
280	448
280	449
280	450
280	451
280	452
280	453
280	454
280	455
280	456
280	458
280	459
280	460
280	461
280	462
280	463
280	464
280	479
280	481
280	482
280	483
280	484
280	485
280	486
280	487
280	488
280	489
280	490
280	491
280	492
280	493
280	494
280	495
280	496
280	497
280	498
280	499
280	500
280	501
280	502
280	503
280	504
280	505
280	506
280	508
280	509
280	510
281	417
281	418
281	420
281	421
281	422
281	424
281	425
281	426
281	427
281	428
281	429
281	430
281	431
281	432
281	433
281	434
281	435
281	436
281	437
281	438
281	439
281	440
281	441
281	442
281	443
281	444
281	445
281	446
281	447
281	448
281	449
281	450
281	451
281	452
281	453
281	454
281	455
281	456
281	457
281	458
281	459
281	461
281	462
281	463
281	481
281	482
281	483
281	484
281	485
281	486
281	487
281	488
281	489
281	490
281	491
281	492
281	493
281	494
281	495
281	496
281	497
281	498
281	499
281	501
281	502
281	503
281	504
281	505
281	506
281	507
281	509
281	510
282	417
282	418
282	419
282	420
282	421
282	423
282	424
282	425
282	426
282	427
282	430
282	431
282	432
282	433
282	434
282	435
282	436
282	437
282	438
282	439
282	440
282	441
282	442
282	443
282	444
282	445
282	446
282	447
282	448
282	449
282	450
282	451
282	452
282	453
282	454
282	455
282	456
282	457
282	458
282	459
282	461
282	462
282	464
282	481
282	482
282	483
282	484
282	485
282	486
282	487
282	488
282	489
282	490
282	491
282	492
282	493
282	494
282	495
282	496
282	497
282	498
282	499
282	500
282	501
282	502
282	503
282	504
282	505
282	506
282	507
282	508
282	510
283	417
283	419
283	420
283	421
283	422
283	423
283	424
283	425
283	426
283	427
283	428
283	429
283	430
283	431
283	432
283	433
283	434
283	435
283	436
283	437
283	438
283	439
283	440
283	441
283	442
283	443
283	444
283	445
283	446
283	447
283	448
283	451
283	452
283	453
283	454
283	455
283	456
283	457
283	458
283	459
283	460
283	461
283	462
283	463
283	464
283	465
283	480
283	481
283	482
283	485
283	486
283	487
283	488
283	489
283	490
283	491
283	492
283	493
283	494
283	495
283	496
283	497
283	498
283	499
283	501
283	502
283	503
283	504
283	506
283	507
283	508
283	512
284	416
284	417
284	418
284	419
284	420
284	421
284	422
284	423
284	424
284	425
284	426
284	427
284	428
284	429
284	430
284	431
284	432
284	433
284	434
284	435
284	436
284	437
284	438
284	439
284	440
284	441
284	442
284	443
284	444
284	445
284	446
284	447
284	448
284	450
284	451
284	452
284	453
284	454
284	455
284	456
284	457
284	458
284	459
284	460
284	461
284	462
284	463
284	464
284	465
284	480
284	481
284	482
284	483
284	484
284	485
284	486
284	487
284	489
284	490
284	491
284	492
284	493
284	494
284	495
284	496
284	497
284	498
284	500
284	501
284	502
284	503
284	504
284	506
284	507
284	508
284	509
284	512
285	416
285	417
285	418
285	419
285	420
285	421
285	422
285	423
285	424
285	425
285	427
285	428
285	429
285	430
285	431
285	432
285	433
285	434
285	435
285	436
285	437
285	438
285	439
285	440
285	441
285	442
285	443
285	444
285	445
285	447
285	448
285	449
285	450
285	451
285	452
285	453
285	454
285	456
285	457
285	458
285	459
285	460
285	461
285	463
285	464
285	465
285	481
285	483
285	484
285	485
285	486
285	487
285	488
285	489
285	490
285	491
285	492
285	493
285	494
285	495
285	496
285	497
285	498
285	499
285	500
285	501
285	502
285	503
285	504
285	506
285	507
285	508
285	509
285	510
285	512
286	416
286	417
286	418
286	419
286	420
286	421
286	423
286	424
286	425
286	426
286	427
286	429
286	430
286	431
286	432
286	433
286	434
286	435
286	436
286	437
286	438
286	439
286	440
286	441
286	442
286	444
286	445
286	446
286	447
286	448
286	449
286	450
286	451
286	452
286	453
286	454
286	456
286	457
286	458
286	459
286	460
286	463
286	464
286	481
286	482
286	483
286	484
286	485
286	486
286	487
286	488
286	489
286	490
286	491
286	492
286	493
286	494
286	495
286	496
286	497
286	498
286	499
286	500
286	501
286	502
286	504
286	505
286	506
286	507
286	509
286	510
286	512
287	417
287	418
287	419
287	420
287	421
287	422
287	423
287	424
287	426
287	427
287	428
287	429
287	430
287	431
287	432
287	433
287	434
287	435
287	436
287	437
287	438
287	439
287	440
287	441
287	442
287	443
287	444
287	445
287	446
287	447
287	448
287	449
287	450
287	451
287	453
287	454
287	455
287	456
287	457
287	458
287	459
287	460
287	463
287	464
287	480
287	481
287	482
287	483
287	484
287	486
287	487
287	488
287	489
287	490
287	491
287	492
287	493
287	494
287	495
287	496
287	497
287	498
287	499
287	500
287	501
287	502
287	503
287	504
287	505
287	506
287	507
287	508
287	509
287	510
287	512
288	418
288	419
288	420
288	422
288	423
288	424
288	426
288	427
288	428
288	429
288	430
288	431
288	432
288	433
288	434
288	435
288	436
288	437
288	438
288	439
288	440
288	441
288	442
288	443
288	444
288	445
288	447
288	448
288	449
288	450
288	451
288	453
288	454
288	455
288	456
288	457
288	458
288	459
288	460
288	463
288	464
288	465
288	469
288	471
288	472
288	474
288	475
288	476
288	477
288	481
288	482
288	483
288	484
288	486
288	487
288	488
288	489
288	490
288	491
288	492
288	493
288	494
288	495
288	496
288	497
288	498
288	499
288	500
288	501
288	502
288	503
288	504
288	506
288	509
288	510
288	512
289	417
289	418
289	419
289	421
289	422
289	423
289	424
289	425
289	426
289	427
289	428
289	429
289	430
289	431
289	432
289	433
289	434
289	435
289	436
289	437
289	438
289	439
289	440
289	441
289	442
289	443
289	444
289	445
289	446
289	447
289	448
289	464
289	465
289	466
289	467
289	468
289	469
289	470
289	471
289	472
289	473
289	474
289	475
289	476
289	477
289	478
289	479
289	480
289	481
289	482
289	483
289	484
289	485
289	486
289	487
289	488
289	489
289	490
289	491
289	492
289	493
289	494
289	495
289	496
289	497
289	498
289	499
289	500
289	501
289	502
289	503
289	504
289	505
289	506
289	507
289	508
289	510
289	511
289	512
290	417
290	418
290	419
290	420
290	421
290	422
290	423
290	424
290	425
290	426
290	427
290	428
290	429
290	430
290	431
290	432
290	433
290	434
290	435
290	436
290	437
290	438
290	439
290	440
290	441
290	442
290	444
290	445
290	446
290	448
290	465
290	467
290	468
290	469
290	470
290	471
290	472
290	473
290	474
290	475
290	476
290	477
290	478
290	479
290	480
290	481
290	482
290	483
290	484
290	485
290	486
290	488
290	489
290	490
290	491
290	492
290	493
290	494
290	495
290	496
290	497
290	498
290	499
290	500
290	501
290	505
290	506
290	507
290	508
290	509
290	510
290	511
290	512
291	417
291	418
291	419
291	420
291	422
291	423
291	424
291	425
291	426
291	427
291	428
291	429
291	430
291	431
291	432
291	433
291	434
291	435
291	437
291	439
291	441
291	442
291	443
291	444
291	445
291	447
291	448
291	464
291	465
291	466
291	467
291	468
291	469
291	470
291	471
291	472
291	473
291	474
291	475
291	476
291	477
291	479
291	480
291	481
291	482
291	483
291	485
291	486
291	487
291	488
291	489
291	490
291	491
291	492
291	493
291	494
291	495
291	496
291	497
291	498
291	499
291	500
291	501
291	503
291	504
291	505
291	507
291	508
291	509
291	510
291	511
291	512
292	417
292	418
292	420
292	421
292	422
292	423
292	424
292	425
292	426
292	427
292	428
292	429
292	430
292	431
292	432
292	433
292	434
292	435
292	436
292	437
292	439
292	442
292	443
292	444
292	445
292	446
292	448
292	464
292	465
292	466
292	467
292	468
292	469
292	470
292	472
292	473
292	474
292	475
292	476
292	477
292	479
292	480
292	481
292	482
292	485
292	486
292	487
292	488
292	489
292	490
292	491
292	492
292	493
292	494
292	495
292	496
292	497
292	498
292	499
292	500
292	501
292	502
292	503
292	504
292	505
292	506
292	507
292	508
292	509
292	510
292	511
293	417
293	419
293	420
293	421
293	422
293	423
293	424
293	425
293	426
293	427
293	428
293	429
293	430
293	431
293	432
293	433
293	434
293	435
293	436
293	437
293	438
293	439
293	440
293	441
293	442
293	443
293	444
293	445
293	446
293	447
293	448
293	464
293	465
293	466
293	467
293	468
293	469
293	470
293	471
293	472
293	475
293	476
293	478
293	479
293	480
293	481
293	482
293	483
293	484
293	485
293	486
293	487
293	488
293	489
293	490
293	491
293	492
293	493
293	494
293	495
293	496
293	497
293	498
293	499
293	500
293	501
293	503
293	504
293	506
293	507
293	508
293	509
293	510
293	511
293	512
294	417
294	418
294	419
294	420
294	421
294	422
294	423
294	424
294	425
294	426
294	427
294	428
294	429
294	430
294	431
294	432
294	433
294	434
294	435
294	436
294	437
294	438
294	439
294	440
294	442
294	443
294	444
294	445
294	446
294	447
294	448
294	464
294	465
294	466
294	467
294	468
294	469
294	470
294	471
294	472
294	473
294	474
294	475
294	476
294	477
294	478
294	479
294	480
294	481
294	482
294	483
294	484
294	485
294	486
294	487
294	488
294	489
294	490
294	491
294	492
294	493
294	494
294	495
294	496
294	497
294	498
294	499
294	500
294	501
294	502
294	506
294	507
294	508
294	509
294	510
294	512
295	416
295	417
295	418
295	419
295	421
295	422
295	423
295	424
295	425
295	426
295	427
295	428
295	429
295	430
295	431
295	432
295	433
295	434
295	435
295	436
295	437
295	438
295	439
295	440
295	441
295	442
295	443
295	444
295	445
295	446
295	465
295	466
295	467
295	469
295	470
295	471
295	472
295	473
295	474
295	475
295	476
295	477
295	478
295	479
295	480
295	481
295	482
295	483
295	484
295	485
295	486
295	487
295	488
295	489
295	490
295	491
295	492
295	493
295	494
295	495
295	496
295	497
295	498
295	499
295	500
295	501
295	502
295	503
295	504
295	505
295	506
295	507
295	508
295	509
295	510
295	511
295	512
296	416
296	417
296	418
296	420
296	421
296	422
296	423
296	424
296	425
296	426
296	427
296	428
296	429
296	430
296	431
296	432
296	433
296	434
296	435
296	436
296	437
296	438
296	439
296	440
296	441
296	442
296	443
296	444
296	445
296	446
296	448
296	465
296	466
296	467
296	468
296	469
296	470
296	471
296	472
296	473
296	474
296	475
296	476
296	477
296	478
296	479
296	480
296	481
296	482
296	483
296	484
296	485
296	486
296	487
296	488
296	489
296	490
296	491
296	492
296	493
296	494
296	495
296	496
296	497
296	498
296	499
296	500
296	501
296	502
296	503
296	504
296	505
296	506
296	507
296	508
296	509
296	510
296	511
296	512
297	417
297	418
297	419
297	420
297	421
297	422
297	423
297	424
297	425
297	426
297	427
297	428
297	429
297	430
297	431
297	432
297	433
297	434
297	435
297	436
297	437
297	438
297	439
297	440
297	441
297	442
297	443
297	445
297	446
297	448
297	467
297	468
297	469
297	470
297	471
297	472
297	473
297	474
297	475
297	476
297	477
297	478
297	479
297	480
297	481
297	482
297	483
297	484
297	485
297	486
297	487
297	488
297	489
297	490
297	491
297	492
297	493
297	494
297	495
297	496
297	497
297	498
297	499
297	500
297	503
297	504
297	505
297	506
297	507
297	508
297	509
297	510
297	511
297	512
298	417
298	418
298	419
298	420
298	421
298	423
298	424
298	425
298	426
298	427
298	428
298	429
298	430
298	431
298	432
298	433
298	434
298	435
298	436
298	437
298	438
298	439
298	440
298	441
298	442
298	443
298	444
298	445
298	446
298	447
298	448
298	449
298	465
298	466
298	467
298	468
298	469
298	470
298	471
298	472
298	473
298	474
298	475
298	476
298	477
298	478
298	479
298	480
298	481
298	482
298	483
298	484
298	485
298	486
298	487
298	488
298	489
298	490
298	491
298	492
298	493
298	494
298	495
298	496
298	497
298	498
298	499
298	500
298	502
298	503
298	504
298	505
298	506
298	507
298	508
298	509
298	512
299	417
299	418
299	422
299	423
299	424
299	425
299	426
299	427
299	428
299	429
299	430
299	431
299	432
299	433
299	434
299	435
299	436
299	437
299	438
299	439
299	440
299	441
299	442
299	443
299	444
299	445
299	447
299	448
299	449
299	466
299	467
299	468
299	469
299	470
299	471
299	472
299	473
299	474
299	475
299	476
299	477
299	478
299	479
299	480
299	481
299	482
299	483
299	484
299	485
299	486
299	487
299	488
299	489
299	490
299	491
299	492
299	493
299	494
299	495
299	496
299	497
299	498
299	499
299	500
299	501
299	503
299	504
299	505
299	508
299	509
299	510
299	511
299	512
300	418
300	422
300	423
300	424
300	425
300	426
300	427
300	428
300	429
300	430
300	431
300	432
300	433
300	434
300	435
300	436
300	437
300	438
300	439
300	440
300	441
300	442
300	443
300	444
300	445
300	446
300	447
300	448
300	449
300	465
300	466
300	467
300	468
300	469
300	470
300	471
300	472
300	473
300	474
300	475
300	476
300	477
300	478
300	479
300	480
300	481
300	482
300	483
300	484
300	485
300	486
300	487
300	488
300	489
300	490
300	491
300	492
300	493
300	494
300	495
300	496
300	497
300	498
300	499
300	500
300	503
300	504
300	505
300	506
300	507
300	508
300	509
300	510
300	511
300	512
301	417
301	419
301	420
301	421
301	423
301	424
301	425
301	426
301	427
301	428
301	429
301	430
301	431
301	432
301	433
301	434
301	435
301	436
301	437
301	438
301	439
301	440
301	441
301	442
301	443
301	444
301	445
301	446
301	448
301	464
301	465
301	466
301	467
301	468
301	469
301	470
301	471
301	472
301	473
301	474
301	475
301	476
301	477
301	478
301	479
301	480
301	481
301	482
301	483
301	484
301	485
301	486
301	487
301	488
301	489
301	490
301	491
301	492
301	495
301	496
301	499
301	500
301	501
301	502
301	503
301	504
301	505
301	506
301	507
301	508
301	509
301	510
301	511
301	512
302	417
302	419
302	420
302	421
302	422
302	424
302	425
302	426
302	427
302	428
302	429
302	430
302	431
302	432
302	433
302	434
302	435
302	436
302	437
302	439
302	440
302	441
302	442
302	443
302	444
302	445
302	446
302	447
302	448
302	465
302	466
302	467
302	468
302	469
302	470
302	471
302	472
302	473
302	474
302	475
302	476
302	477
302	478
302	479
302	480
302	481
302	482
302	483
302	484
302	485
302	486
302	487
302	488
302	489
302	490
302	491
302	492
302	493
302	494
302	495
302	496
302	497
302	498
302	499
302	500
302	501
302	502
302	503
302	504
302	505
302	507
302	508
302	509
302	510
302	511
302	512
303	417
303	419
303	420
303	421
303	422
303	423
303	424
303	425
303	427
303	428
303	429
303	430
303	432
303	433
303	434
303	436
303	437
303	438
303	439
303	440
303	441
303	442
303	443
303	444
303	445
303	446
303	447
303	448
303	465
303	466
303	467
303	468
303	469
303	470
303	471
303	472
303	473
303	474
303	475
303	476
303	477
303	478
303	479
303	480
303	481
303	482
303	483
303	484
303	485
303	486
303	487
303	488
303	489
303	491
303	492
303	494
303	495
303	496
303	497
303	498
303	499
303	500
303	501
303	502
303	503
303	504
303	505
303	506
303	507
303	508
303	509
303	510
303	512
304	417
304	419
304	420
304	421
304	422
304	423
304	424
304	426
304	427
304	428
304	429
304	430
304	431
304	432
304	433
304	434
304	435
304	436
304	437
304	438
304	439
304	440
304	441
304	442
304	443
304	444
304	445
304	446
304	447
304	448
304	464
304	465
304	466
304	467
304	468
304	469
304	470
304	471
304	472
304	473
304	474
304	475
304	476
304	477
304	478
304	479
304	480
304	481
304	482
304	483
304	484
304	485
304	486
304	487
304	488
304	490
304	491
304	492
304	495
304	496
304	497
304	499
304	500
304	501
304	502
304	503
304	504
304	505
304	506
304	507
304	508
304	509
304	510
304	512
305	419
305	420
305	423
305	424
305	436
305	441
305	442
305	444
305	465
305	472
305	473
305	474
305	476
305	477
305	480
305	483
305	484
305	485
305	491
305	492
305	500
305	505
305	506
305	507
305	508
305	509
305	510