160	241
160	242
160	274
161	240
161	241
161	242
161	243
161	245
161	246
161	247
161	248
161	249
161	250
161	251
161	252
161	253
161	254
161	255
161	256
161	257
161	258
161	259
161	260
161	261
161	262
161	263
161	264
161	265
161	266
161	267
161	268
161	269
161	270
161	271
161	272
161	273
161	274
161	275
161	277
161	278
161	279
161	280
161	281
161	282
161	283
161	284
161	285
161	286
161	287
161	288
162	240
162	241
162	242
162	243
162	247
162	249
162	250
162	260
162	261
162	262
162	264
162	265
162	266
162	267
162	268
162	273
162	274
162	275
162	277
162	278
162	279
162	280
162	281
162	282
162	284
162	285
162	286
162	287
162	288
163	241
163	242
163	246
163	247
163	248
163	249
163	250
163	251
163	252
163	253
163	254
163	255
163	256
163	257
163	258
163	259
163	267
163	268
163	269
163	270
163	271
163	272
163	287
163	288
164	241
164	242
164	245
164	246
164	247
164	248
164	249
164	250
164	251
164	252
164	253
164	254
164	255
164	256
164	257
164	258
164	259
164	268
164	270
164	271
164	272
164	273
165	241
165	242
165	248
165	249
165	250
165	255
165	256
165	257
165	258
165	259
165	260
165	261
165	262
165	263
165	264
165	265
165	266
165	267
165	269
165	270
165	271
165	272
165	277
165	278
165	279
165	280
165	281
165	282
165	283
165	284
166	241
166	242
166	246
166	249
166	250
166	251
166	252
166	253
166	254
166	255
166	256
166	257
166	258
166	259
166	260
166	261
166	262
166	263
166	264
166	268
166	269
166	270
166	271
166	272
166	276
166	277
166	278
166	279
166	280
166	281
166	282
166	283
166	284
167	241
167	242
167	243
167	244
167	245
167	246
167	247
167	248
167	249
167	250
167	251
167	252
167	253
167	254
167	255
167	256
167	257
167	258
167	260
167	261
167	262
167	263
167	264
167	265
167	266
167	267
167	270
167	271
167	272
167	273
167	274
167	275
167	276
167	277
167	278
167	279
167	280
167	281
167	282
168	243
168	244
168	245
168	246
168	247
168	248
168	249
168	250
168	251
168	252
168	253
168	254
168	255
168	256
168	261
168	262
168	263
168	264
168	265
168	266
168	267
168	270
168	271
168	272
168	273
168	274
168	275
168	276
168	277
168	278
168	279
168	280
168	281
169	241
169	242
169	243
169	244
169	245
169	246
169	247
169	248
169	257
169	258
169	259
169	260
169	266
169	267
169	268
169	269
169	270
169	271
169	273
169	274
169	275
169	276
169	277
169	278
169	279
169	280
169	281
169	287
169	288
170	241
170	242
170	243
170	244
170	245
170	246
170	247
170	248
170	249
170	250
170	251
170	252
170	253
170	254
170	255
170	256
170	257
170	258
170	259
170	260
170	261
170	262
170	263
170	264
170	265
170	266
170	267
170	268
170	269
170	270
170	271
170	272
170	273
170	274
170	275
170	276
170	277
170	278
170	279
170	280
170	281
170	282
170	286
170	287
170	288
171	244
171	245
171	246
171	247
171	248
171	250
171	251
171	252
171	253
171	254
171	255
171	256
171	257
171	258
171	259
171	260
171	261
171	262
171	263
171	264
171	265
171	266
171	267
171	268
171	269
171	270
171	271
171	272
171	273
171	274
171	275
171	276
171	277
171	278
171	279
171	280
171	281
171	282
171	283
171	284
171	285
171	286
172	241
172	242
172	243
172	244
172	245
172	246
172	247
172	248
172	249
172	250
172	251
172	252
172	253
172	254
172	255
172	256
172	257
172	258
172	259
172	260
172	261
172	262
172	263
172	264
172	265
172	266
172	267
172	268
172	269
172	270
172	271
172	272
172	273
172	274
172	275
172	276
172	277
172	278
172	279
172	280
172	282
172	283
172	284
172	285
173	241
173	242
173	243
173	244
173	245
173	246
173	247
173	248
173	249
173	250
173	251
173	252
173	253
173	254
173	255
173	256
173	257
173	258
173	259
173	260
173	261
173	262
173	263
173	264
173	265
173	266
173	267
173	268
173	269
173	270
173	271
173	272
173	273
173	274
173	275
173	276
173	277
173	278
173	279
173	280
173	281
173	282
173	283
173	284
173	285
173	287
173	288
174	241
174	242
174	244
174	245
174	246
174	247
174	248
174	249
174	250
174	251
174	252
174	253
174	254
174	255
174	256
174	257
174	258
174	259
174	260
174	261
174	262
174	263
174	264
174	265
174	266
174	267
174	268
174	269
174	270
174	271
174	272
174	273
174	274
174	275
174	276
174	277
174	278
174	279
174	280
174	281
174	282
174	283
174	284
175	241
175	242
175	243
175	244
175	245
175	246
175	247
175	248
175	249
175	250
175	251
175	252
175	253
175	254
175	255
175	256
175	257
175	258
175	259
175	260
175	261
175	262
175	263
175	264
175	265
175	266
175	267
175	268
175	269
175	270
175	271
175	272
175	273
175	274
175	275
175	276
175	277
175	278
175	279
175	280
175	281
175	282
175	283
175	284
175	285
175	288
176	233
176	234
176	238
176	239
176	242
176	243
176	244
176	245
176	246
176	247
176	248
176	249
176	250
176	251
176	252
176	253
176	254
176	255
176	256
176	257
176	258
176	260
176	261
176	262
176	263
176	264
176	265
176	266
176	267
176	268
176	269
176	270
176	271
176	272
176	273
176	274
176	275
176	276
176	277
176	278
176	279
176	280
176	281
176	282
176	283
176	284
176	285
176	286
176	287
176	288
176	289
176	291
176	292
176	294
176	295
176	296
176	297
177	225
177	228
177	232
177	233
177	234
177	235
177	237
177	238
177	239
177	240
177	241
177	242
177	243
177	244
177	245
177	246
177	247
177	248
177	249
177	250
177	251
177	252
177	253
177	254
177	255
177	256
177	257
177	258
177	259
177	260
177	261
177	262
177	263
177	264
177	265
177	266
177	267
177	268
177	269
177	270
177	271
177	272
177	273
177	274
177	275
177	276
177	277
177	278
177	279
177	280
177	281
177	282
177	283
177	284
177	285
177	286
177	287
177	288
177	289
177	290
177	291
177	292
177	293
177	294
177	295
177	296
177	297
177	298
177	299
177	301
177	302
177	303
177	304
178	225
178	228
178	233
178	234
178	235
178	237
178	238
178	239
178	240
178	241
178	242
178	243
178	244
178	245
178	246
178	247
178	248
178	249
178	250
178	252
178	253
178	255
178	256
178	257
178	258
178	259
178	260
178	261
178	262
178	263
178	264
178	265
178	266
178	267
178	268
178	269
178	270
178	273
178	274
178	275
178	276
178	277
178	278
178	279
178	280
178	281
178	282
178	283
178	284
178	285
178	286
178	287
178	288
178	289
178	290
178	291
178	292
178	293
178	294
178	295
178	296
178	297
178	298
178	299
178	300
178	304
179	228
179	229
179	230
179	233
179	234
179	235
179	236
179	237
179	238
179	239
179	240
179	241
179	242
179	243
179	244
179	245
179	246
179	247
179	248
179	249
179	250
179	251
179	252
179	254
179	255
179	256
179	257
179	259
179	260
179	263
179	264
179	265
179	266
179	267
179	268
179	269
179	270
179	271
179	272
179	273
179	274
179	275
179	276
179	277
179	278
179	279
179	280
179	281
179	282
179	283
179	284
179	285
179	290
179	292
179	293
179	294
179	295
179	296
179	297
179	298
179	299
179	300
179	301
179	302
179	303
180	229
180	230
180	231
180	232
180	233
180	234
180	235
180	236
180	237
180	238
180	239
180	240
180	241
180	242
180	243
180	244
180	245
180	246
180	247
180	249
180	250
180	251
180	252
180	254
180	255
180	256
180	257
180	258
180	259
180	260
180	261
180	264
180	265
180	266
180	267
180	268
180	269
180	270
180	271
180	273
180	274
180	275
180	276
180	277
180	278
180	279
180	280
180	281
180	287
180	289
180	290
180	292
180	293
180	294
180	295
180	296
180	297
180	298
180	299
180	300
180	301
180	302
180	303
180	304
181	225
181	226
181	227
181	228
181	229
181	230
181	231
181	232
181	233
181	234
181	235
181	236
181	237
181	238
181	239
181	240
181	241
181	242
181	243
181	244
181	245
181	246
181	247
181	248
181	249
181	250
181	252
181	253
181	254
181	255
181	256
181	259
181	260
181	262
181	263
181	264
181	265
181	266
181	267
181	268
181	269
181	270
181	271
181	273
181	274
181	275
181	276
181	277
181	278
181	279
181	280
181	284
181	285
181	286
181	287
181	288
181	289
181	290
181	292
181	293
181	294
181	295
181	296
181	297
181	298
181	299
181	300
181	301
181	302
181	303
181	304
182	225
182	226
182	227
182	228
182	229
182	230
182	231
182	232
182	233
182	234
182	235
182	236
182	237
182	238
182	239
182	240
182	241
182	242
182	243
182	244
182	245
182	246
182	247
182	248
182	249
182	251
182	252
182	253
182	254
182	255
182	256
182	257
182	259
182	260
182	262
182	263
182	264
182	266
182	267
182	268
182	269
182	270
182	271
182	275
182	276
182	283
182	284
182	285
182	286
182	287
182	288
182	289
182	290
182	291
182	292
182	293
182	294
182	295
182	296
182	297
182	298
182	299
182	300
182	301
182	302
182	303
183	225
183	226
183	227
183	228
183	230
183	231
183	232
183	233
183	234
183	235
183	236
183	237
183	238
183	239
183	240
183	241
183	242
183	243
183	244
183	245
183	246
183	247
183	248
183	249
183	250
183	251
183	252
183	253
183	254
183	255
183	256
183	257
183	258
183	259
183	260
183	261
183	266
183	267
183	268
183	269
183	270
183	271
183	273
183	274
183	275
183	276
183	277
183	278
183	279
183	280
183	281
183	282
183	283
183	284
183	285
183	286
183	287
183	288
183	291
183	292
183	293
183	294
183	295
183	296
183	297
183	298
183	299
183	301
183	302
183	303
184	225
184	226
184	227
184	228
184	229
184	230
184	231
184	232
184	233
184	234
184	235
184	236
184	237
184	238
184	239
184	240
184	241
184	242
184	243
184	244
184	245
184	246
184	248
184	249
184	250
184	251
184	252
184	253
184	256
184	260
184	261
184	262
184	264
184	267
184	268
184	269
184	272
184	273
184	274
184	275
184	276
184	277
184	278
184	279
184	280
184	281
184	282
184	283
184	284
184	285
184	286
184	287
184	288
184	289
184	291
184	292
184	293
184	294
184	295
184	296
184	297
184	298
184	299
184	301
184	302
184	303
184	304
185	225
185	227
185	228
185	229
185	230
185	231
185	232
185	233
185	234
185	235
185	236
185	237
185	238
185	239
185	240
185	241
185	242
185	243
185	244
185	245
185	246
185	247
185	248
185	250
185	251
185	252
185	253
185	254
185	255
185	256
185	257
185	259
185	260
185	261
185	262
185	263
185	264
185	265
185	266
185	269
185	270
185	271
185	272
185	273
185	277
185	278
185	282
185	283
185	284
185	289
185	291
185	292
185	293
185	294
185	295
185	296
185	297
185	298
185	299
185	300
185	301
185	302
185	303
185	304
185	305
186	225
186	226
186	228
186	230
186	231
186	232
186	233
186	234
186	235
186	236
186	237
186	238
186	239
186	240
186	241
186	242
186	243
186	244
186	246
186	247
186	248
186	250
186	253
186	254
186	255
186	256
186	257
186	258
186	259
186	260
186	261
186	262
186	263
186	264
186	265
186	266
186	267
186	269
186	270
186	271
186	272
186	273
186	274
186	282
186	283
186	284
186	289
186	290
186	291
186	292
186	293
186	294
186	295
186	296
186	297
186	298
186	299
186	300
186	301
186	302
186	303
186	304
186	305
187	225
187	226
187	227
187	228
187	229
187	230
187	231
187	232
187	233
187	234
187	235
187	236
187	237
187	238
187	239
187	245
187	246
187	249
187	250
187	251
187	252
187	253
187	254
187	255
187	258
187	259
187	260
187	261
187	262
187	263
187	264
187	265
187	266
187	267
187	268
187	269
187	270
187	271
187	272
187	273
187	274
187	275
187	283
187	284
187	287
187	288
187	289
187	290
187	291
187	292
187	293
187	294
187	295
187	296
187	297
187	298
187	299
187	300
187	301
187	302
187	303
187	304
187	305
188	224
188	225
188	226
188	227
188	228
188	229
188	230
188	231
188	232
188	233
188	234
188	235
188	236
188	237
188	238
188	240
188	241
188	242
188	243
188	244
188	245
188	246
188	247
188	249
188	250
188	251
188	252
188	253
188	254
188	255
188	256
188	257
188	258
188	259
188	260
188	261
188	262
188	263
188	264
188	265
188	266
188	267
188	268
188	269
188	270
188	271
188	272
188	273
188	274
188	275
188	276
188	283
188	284
188	287
188	292
188	293
188	294
188	295
188	296
188	297
188	298
188	299
188	300
188	301
188	302
188	303
188	304
189	224
189	225
189	226
189	227
189	228
189	229
189	230
189	231
189	232
189	233
189	234
189	235
189	236
189	237
189	238
189	239
189	240
189	241
189	243
189	244
189	245
189	246
189	247
189	248
189	249
189	253
189	254
189	255
189	256
189	257
189	258
189	259
189	260
189	261
189	262
189	263
189	264
189	265
189	266
189	267
189	268
189	269
189	270
189	271
189	272
189	273
189	274
189	275
189	276
189	289
189	290
189	292
189	293
189	294
189	295
189	296
189	297
189	298
189	299
189	301
189	302
189	303
190	225
190	226
190	228
190	229
190	230
190	231
190	232
190	233
190	234
190	235
190	236
190	237
190	238
190	240
190	244
190	245
190	246
190	247
190	248
190	249
190	250
190	251
190	254
190	255
190	256
190	257
190	258
190	259
190	260
190	261
190	262
190	263
190	264
190	265
190	266
190	267
190	268
190	269
190	270
190	271
190	272
190	273
190	274
190	275
190	276
190	288
190	289
190	290
190	291
190	292
190	293
190	294
190	295
190	296
190	297
190	298
190	299
190	300
190	302
190	303
190	304
191	225
191	227
191	228
191	229
191	230
191	231
191	232
191	233
191	234
191	236
191	237
191	238
191	239
191	240
191	241
191	242
191	243
191	244
191	245
191	246
191	247
191	248
191	249
191	250
191	251
191	252
191	253
191	254
191	255
191	256
191	257
191	258
191	259
191	260
191	261
191	262
191	263
191	264
191	265
191	266
191	267
191	268
191	269
191	270
191	271
191	277
191	278
191	287
191	288
191	289
191	290
191	291
191	292
191	293
191	294
191	295
191	296
191	297
191	298
191	299
191	300
191	301
191	302
191	303
191	304
191	305
192	215
192	216
192	225
192	226
192	227
192	228
192	229
192	230
192	231
192	232
192	233
192	234
192	235
192	236
192	237
192	238
192	239
192	240
192	241
192	242
192	243
192	244
192	245
192	247
192	248
192	249
192	250
192	251
192	252
192	253
192	254
192	255
192	256
192	257
192	258
192	259
192	260
192	261
192	262
192	263
192	264
192	265
192	266
192	267
192	268
192	269
192	270
192	271
192	272
192	277
192	278
192	287
192	288
192	289
192	290
192	291
192	292
192	293
192	294
192	295
192	296
192	297
192	298
192	299
192	300
192	301
192	302
192	303
192	304
192	305
193	209
193	210
193	213
193	214
193	215
193	216
193	218
193	219
193	220
193	221
193	222
193	224
193	225
193	226
193	227
193	228
193	229
193	230
193	231
193	232
193	233
193	234
193	235
193	236
193	237
193	238
193	239
193	240
193	242
193	243
193	244
193	245
193	246
193	247
193	248
193	249
193	250
193	251
193	252
193	253
193	254
193	255
193	256
193	257
193	258
193	259
193	260
193	261
193	262
193	263
193	264
193	265
193	266
193	267
193	268
193	269
193	271
193	272
193	288
193	289
193	290
193	291
193	292
193	293
193	294
193	295
193	296
193	297
193	298
193	299
193	300
193	301
193	302
193	303
193	304
194	209
194	210
194	213
194	214
194	215
194	216
194	218
194	219
194	220
194	221
194	222
194	224
194	225
194	226
194	227
194	228
194	229
194	230
194	231
194	232
194	233
194	234
194	236
194	237
194	238
194	239
194	240
194	241
194	242
194	244
194	245
194	246
194	247
194	248
194	249
194	250
194	251
194	252
194	253
194	254
194	255
194	256
194	257
194	258
194	259
194	260
194	261
194	262
194	263
194	264
194	265
194	266
194	267
194	268
194	271
194	272
194	289
194	290
194	291
194	292
194	293
194	294
194	295
194	296
194	297
194	298
194	299
194	300
194	301
194	302
194	303
194	304
195	209
195	210
195	213
195	214
195	215
195	216
195	218
195	219
195	222
195	225
195	226
195	227
195	228
195	229
195	230
195	231
195	232
195	233
195	234
195	236
195	237
195	238
195	239
195	240
195	241
195	244
195	246
195	247
195	250
195	251
195	252
195	253
195	254
195	255
195	256
195	257
195	258
195	259
195	260
195	261
195	262
195	263
195	264
195	265
195	266
195	267
195	268
195	271
195	272
195	288
195	289
195	290
195	291
195	292
195	293
195	294
195	295
195	296
195	297
195	298
195	299
195	300
195	301
195	302
195	304
196	209
196	210
196	213
196	214
196	215
196	216
196	221
196	222
196	225
196	226
196	227
196	228
196	229
196	230
196	231
196	232
196	233
196	234
196	235
196	236
196	237
196	238
196	239
196	240
196	241
196	242
196	243
196	244
196	246
196	248
196	250
196	251
196	252
196	253
196	254
196	255
196	256
196	257
196	258
196	259
196	260
196	261
196	262
196	263
196	264
196	265
196	266
196	267
196	268
196	272
196	288
196	289
196	290
196	291
196	292
196	293
196	294
196	295
196	296
196	297
196	298
196	299
196	300
196	301
196	302
196	303
196	304
197	214
197	215
197	216
197	219
197	220
197	221
197	222
197	223
197	224
197	225
197	226
197	227
197	228
197	229
197	230
197	231
197	232
197	234
197	235
197	236
197	237
197	238
197	240
197	243
197	244
197	245
197	246
197	247
197	248
197	249
197	250
197	251
197	252
197	253
197	254
197	255
197	256
197	257
197	258
197	259
197	260
197	261
197	262
197	263
197	264
197	265
197	266
197	267
197	268
197	269
197	288
197	289
197	290
197	291
197	292
197	293
197	294
197	295
197	296
197	297
197	299
197	300
197	301
197	302
197	303
197	304
198	214
198	215
198	216
198	218
198	219
198	220
198	221
198	222
198	223
198	224
198	225
198	226
198	227
198	228
198	229
198	230
198	231
198	232
198	234
198	235
198	237
198	238
198	241
198	242
198	243
198	244
198	245
198	246
198	247
198	248
198	249
198	250
198	251
198	252
198	253
198	254
198	255
198	256
198	257
198	258
198	259
198	260
198	261
198	262
198	263
198	264
198	265
198	267
198	268
198	269
198	270
198	288
198	289
198	290
198	291
198	292
198	293
198	294
198	295
198	296
198	297
198	299
198	300
198	301
198	302
198	303
198	304
199	209
199	210
199	213
199	214
199	215
199	216
199	218
199	219
199	220
199	221
199	222
199	223
199	224
199	225
199	226
199	227
199	228
199	229
199	230
199	231
199	232
199	237
199	238
199	240
199	241
199	242
199	244
199	245
199	246
199	247
199	248
199	249
199	250
199	251
199	252
199	253
199	254
199	255
199	256
199	257
199	258
199	259
199	260
199	261
199	262
199	263
199	264
199	266
199	267
199	268
199	269
199	270
199	288
199	289
199	290
199	291
199	292
199	293
199	294
199	295
199	296
199	297
199	298
199	299
199	300
199	301
199	302
199	303
199	304
200	209
200	210
200	213
200	214
200	215
200	216
200	219
200	220
200	221
200	222
200	223
200	224
200	225
200	226
200	227
200	228
200	229
200	230
200	231
200	232
200	237
200	238
200	240
200	241
200	242
200	244
200	245
200	246
200	247
200	248
200	249
200	250
200	251
200	252
200	253
200	254
200	255
200	256
200	257
200	258
200	259
200	260
200	261
200	262
200	263
200	264
200	265
200	266
200	267
200	268
200	269
200	288
200	289
200	290
200	291
200	292
200	293
200	294
200	295
200	296
200	297
200	298
200	299
200	300
200	301
200	302
200	303
200	304
201	209
201	210
201	211
201	213
201	214
201	215
201	216
201	217
201	219
201	220
201	221
201	224
201	225
201	226
201	227
201	228
201	229
201	230
201	231
201	232
201	237
201	238
201	240
201	241
201	242
201	244
201	245
201	246
201	247
201	248
201	249
201	250
201	251
201	252
201	253
201	254
201	255
201	256
201	257
201	258
201	259
201	260
201	261
201	262
201	264
201	265
201	266
201	267
201	268
201	269
201	270
201	272
201	289
201	290
201	291
201	292
201	293
201	294
201	295
201	296
201	297
201	298
201	299
201	300
201	301
201	302
202	209
202	210
202	211
202	212
202	213
202	214
202	215
202	216
202	219
202	220
202	221
202	222
202	223
202	224
202	225
202	226
202	227
202	228
202	229
202	230
202	231
202	232
202	235
202	236
202	238
202	240
202	241
202	242
202	243
202	244
202	245
202	246
202	247
202	248
202	249
202	250
202	251
202	252
202	253
202	254
202	255
202	256
202	258
202	259
202	260
202	261
202	263
202	264
202	265
202	266
202	267
202	268
202	269
202	270
202	271
202	272
202	288
202	289
202	290
202	291
202	292
202	293
202	294
202	295
202	296
202	297
202	298
202	299
202	300
202	301
203	209
203	210
203	211
203	212
203	213
203	214
203	215
203	216
203	218
203	219
203	220
203	221
203	222
203	223
203	224
203	225
203	226
203	227
203	228
203	229
203	230
203	231
203	232
203	235
203	236
203	239
203	240
203	241
203	242
203	243
203	244
203	245
203	246
203	247
203	248
203	249
203	250
203	251
203	252
203	253
203	254
203	255
203	256
203	258
203	259
203	260
203	261
203	262
203	263
203	264
203	266
203	267
203	268
203	269
203	270
203	271
203	272
203	288
203	289
203	290
203	291
203	292
203	293
203	294
203	295
203	296
203	297
203	298
203	300
203	301
203	302
204	209
204	210
204	211
204	213
204	214
204	215
204	217
204	218
204	219
204	220
204	221
204	222
204	223
204	224
204	225
204	226
204	227
204	228
204	229
204	230
204	231
204	234
204	235
204	236
204	239
204	240
204	241
204	242
204	243
204	244
204	245
204	246
204	247
204	248
204	249
204	250
204	251
204	252
204	253
204	254
204	255
204	256
204	258
204	259
204	260
204	261
204	262
204	263
204	264
204	266
204	267
204	268
204	269
204	270
204	288
204	289
204	290
204	291
204	292
204	293
204	294
204	295
204	296
204	297
204	298
204	300
204	301
204	302
205	209
205	210
205	213
205	214
205	216
205	217
205	218
205	219
205	220
205	221
205	222
205	223
205	224
205	225
205	226
205	227
205	228
205	229
205	230
205	231
205	234
205	235
205	236
205	237
205	239
205	241
205	242
205	243
205	244
205	245
205	246
205	247
205	248
205	249
205	250
205	251
205	252
205	253
205	254
205	255
205	256
205	259
205	260
205	261
205	262
205	266
205	267
205	268
205	269
205	270
205	289
205	290
205	291
205	292
205	293
205	294
205	295
205	296
205	297
205	298
205	301
205	302
205	304
206	209
206	210
206	213
206	214
206	216
206	217
206	218
206	219
206	220
206	221
206	222
206	223
206	224
206	225
206	226
206	227
206	228
206	229
206	230
206	231
206	232
206	234
206	235
206	236
206	237
206	238
206	240
206	241
206	242
206	243
206	244
206	245
206	246
206	247
206	248
206	249
206	250
206	251
206	252
206	253
206	254
206	255
206	256
206	259
206	260
206	261
206	266
206	267
206	268
206	269
206	270
206	271
206	272
206	290
206	291
206	292
206	293
206	294
206	295
206	297
206	298
206	301
206	303
206	304
207	209
207	210
207	213
207	214
207	215
207	216
207	217
207	218
207	219
207	220
207	221
207	222
207	223
207	224
207	225
207	226
207	227
207	228
207	229
207	230
207	231
207	232
207	233
207	234
207	235
207	236
207	237
207	238
207	240
207	241
207	242
207	243
207	244
207	245
207	246
207	247
207	248
207	249
207	250
207	251
207	252
207	253
207	254
207	255
207	256
207	257
207	258
207	259
207	264
207	265
207	266
207	267
207	268
207	271
207	272
207	289
207	290
207	292
207	294
207	295
207	296
207	299
207	301
207	303
207	304
208	211
208	213
208	214
208	215
208	216
208	217
208	218
208	219
208	220
208	221
208	222
208	223
208	224
208	225
208	226
208	227
208	228
208	229
208	230
208	231
208	232
208	234
208	235
208	236
208	237
208	238
208	240
208	241
208	242
208	243
208	244
208	245
208	246
208	247
208	248
208	249
208	250
208	252
208	253
208	254
208	255
208	256
208	257
208	258
208	259
208	260
208	264
208	265
208	266
208	267
208	268
208	270
208	271
208	272
208	273
208	289
208	290
208	291
208	293
208	294
208	295
208	296
208	297
208	303
208	304
209	209
209	211
209	212
209	214
209	215
209	216
209	217
209	218
209	219
209	220
209	221
209	222
209	223
209	224
209	225
209	226
209	227
209	228
209	229
209	230
209	231
209	232
209	233
209	235
209	237
209	238
209	240
209	241
209	242
209	243
209	244
209	245
209	246
209	247
209	248
209	251
209	252
209	253
209	254
209	255
209	256
209	257
209	258
209	259
209	260
209	261
209	265
209	266
209	267
209	268
209	269
209	270
209	271
209	272
209	273
209	277
209	278
209	279
209	280
209	281
209	282
209	283
209	284
209	287
209	288
209	291
209	292
209	293
209	294
209	295
209	296
209	297
209	298
209	301
209	302
209	303
210	209
210	210
210	211
210	212
210	214
210	215
210	218
210	219
210	220
210	221
210	222
210	223
210	224
210	225
210	226
210	227
210	228
210	229
210	231
210	232
210	234
210	236
210	237
210	238
210	239
210	240
210	241
210	242
210	243
210	244
210	245
210	246
210	248
210	249
210	250
210	251
210	252
210	253
210	254
210	256
210	257
210	258
210	259
210	260
210	261
210	262
210	267
210	268
210	271
210	272
210	276
210	277
210	278
210	279
210	280
210	281
210	282
210	283
210	284
210	285
210	287
210	288
210	292
210	293
210	294
210	295
210	296
210	297
210	298
210	299
210	303
210	304
211	209
211	210
211	211
211	212
211	215
211	216
211	218
211	219
211	220
211	221
211	222
211	223
211	224
211	225
211	226
211	227
211	228
211	229
211	230
211	232
211	234
211	235
211	236
211	237
211	238
211	239
211	240
211	241
211	242
211	243
211	244
211	245
211	246
211	248
211	249
211	250
211	253
211	254
211	256
211	258
211	259
211	260
211	261
211	262
211	263
211	264
211	265
211	266
211	268
211	269
211	270
211	271
211	272
211	273
211	274
211	275
211	276
211	277
211	278
211	279
211	280
211	281
211	282
211	283
211	284
211	285
211	286
211	288
211	289
211	290
211	291
211	295
211	296
211	297
211	298
211	299
211	300
211	301
211	302
211	303
211	304
211	305
212	215
212	216
212	217
212	218
212	219
212	220
212	221
212	222
212	223
212	224
212	225
212	226
212	227
212	228
212	229
212	230
212	231
212	232
212	234
212	235
212	237
212	238
212	239
212	240
212	241
212	242
212	243
212	244
212	245
212	246
212	247
212	249
212	250
212	252
212	253
212	254
212	256
212	257
212	258
212	259
212	260
212	261
212	262
212	263
212	264
212	265
212	266
212	267
212	268
212	269
212	270
212	271
212	272
212	273
212	274
212	275
212	276
212	277
212	278
212	279
212	280
212	281
212	282
212	283
212	284
212	285
212	286
212	287
212	288
212	289
212	290
212	291
212	292
212	293
212	294
212	295
212	296
212	297
212	298
212	301
212	302
212	303
212	304
212	305
213	215
213	218
213	219
213	220
213	221
213	222
213	223
213	224
213	225
213	226
213	227
213	228
213	229
213	230
213	231
213	232
213	235
213	237
213	238
213	239
213	240
213	241
213	242
213	243
213	244
213	245
213	246
213	247
213	248
213	249
213	250
213	251
213	252
213	253
213	254
213	256
213	257
213	258
213	259
213	260
213	261
213	262
213	263
213	264
213	265
213	268
213	269
213	270
213	271
213	272
213	273
213	274
213	275
213	276
213	277
213	278
213	279
213	280
213	281
213	282
213	283
213	284
213	285
213	286
213	287
213	288
213	289
213	290
213	291
213	292
213	293
213	294
213	295
213	296
213	297
213	298
213	299
213	300
213	301
213	302
213	303
213	304
213	305
214	209
214	210
214	211
214	212
214	217
214	218
214	219
214	220
214	221
214	222
214	223
214	224
214	225
214	226
214	227
214	228
214	229
214	230
214	231
214	232
214	233
214	235
214	236
214	237
214	238
214	239
214	240
214	241
214	242
214	243
214	244
214	246
214	247
214	248
214	249
214	250
214	251
214	252
214	253
214	257
214	258
214	259
214	260
214	261
214	262
214	264
214	265
214	266
214	267
214	268
214	269
214	270
214	271
214	272
214	273
214	274
214	275
214	276
214	277
214	278
214	279
214	280
214	281
214	282
214	283
214	284
214	285
214	286
214	287
214	288
214	289
214	290
214	291
214	292
214	293
214	294
214	295
214	296
214	297
214	298
214	299
214	300
214	301
214	302
214	303
214	304
214	305
215	209
215	210
215	211
215	212
215	217
215	218
215	219
215	220
215	221
215	222
215	223
215	224
215	225
215	226
215	227
215	228
215	229
215	230
215	231
215	232
215	233
215	234
215	235
215	236
215	237
215	238
215	239
215	240
215	241
215	242
215	243
215	244
215	246
215	247
215	248
215	249
215	250
215	252
215	253
215	254
215	257
215	258
215	259
215	260
215	261
215	262
215	263
215	264
215	265
215	266
215	267
215	268
215	269
215	270
215	271
215	272
215	273
215	274
215	275
215	276
215	277
215	278
215	279
215	280
215	281
215	282
215	283
215	284
215	285
215	286
215	287
215	288
215	289
215	290
215	291
215	292
215	293
215	294
215	295
215	296
215	297
215	298
215	299
215	300
215	301
215	302
215	303
215	304
215	305
216	209
216	210
216	213
216	217
216	218
216	219
216	220
216	221
216	222
216	223
216	224
216	225
216	226
216	227
216	228
216	229
216	230
216	232
216	233
216	234
216	235
216	236
216	237
216	238
216	239
216	240
216	241
216	242
216	243
216	244
216	245
216	246
216	247
216	248
216	249
216	250
216	253
216	254
216	257
216	258
216	259
216	260
216	261
216	262
216	263
216	264
216	265
216	266
216	267
216	268
216	269
216	270
216	271
216	272
216	273
216	274
216	275
216	276
216	277
216	278
216	279
216	280
216	281
216	282
216	283
216	284
216	285
216	286
216	287
216	288
216	289
216	290
216	291
216	292
216	293
216	294
216	295
216	296
216	297
216	298
216	299
216	300
216	301
216	302
216	303
216	304
216	305
217	209
217	210
217	211
217	212
217	213
217	214
217	215
217	216
217	217
217	218
217	219
217	220
217	221
217	222
217	223
217	224
217	225
217	226
217	227
217	228
217	229
217	230
217	231
217	233
217	234
217	235
217	236
217	237
217	238
217	239
217	240
217	241
217	242
217	243
217	244
217	245
217	246
217	247
217	248
217	249
217	250
217	253
217	254
217	255
217	256
217	257
217	260
217	261
217	262
217	263
217	264
217	265
217	266
217	267
217	268
217	269
217	270
217	271
217	272
217	273
217	274
217	275
217	276
217	277
217	278
217	279
217	280
217	281
217	282
217	283
217	284
217	285
217	286
217	287
217	288
217	289
217	290
217	291
217	292
217	293
217	294
217	295
217	296
217	297
217	298
217	299
217	300
217	301
217	302
217	303
217	304
218	209
218	210
218	211
218	212
218	213
218	214
218	215
218	216
218	217
218	218
218	219
218	220
218	221
218	222
218	223
218	224
218	225
218	226
218	227
218	228
218	229
218	230
218	231
218	232
218	233
218	234
218	235
218	236
218	237
218	238
218	239
218	240
218	241
218	242
218	243
218	245
218	246
218	247
218	249
218	250
218	253
218	254
218	255
218	258
218	260
218	261
218	262
218	263
218	264
218	265
218	266
218	267
218	268
218	269
218	270
218	271
218	272
218	273
218	274
218	275
218	276
218	277
218	279
218	280
218	281
218	282
218	285
218	286
218	287
218	288
218	289
218	290
218	291
218	292
218	293
218	294
218	295
218	296
218	297
218	298
218	299
218	300
218	301
218	302
218	303
218	304
219	209
219	210
219	212
219	213
219	214
219	215
219	216
219	217
219	218
219	219
219	220
219	221
219	222
219	223
219	224
219	225
219	226
219	227
219	228
219	229
219	230
219	231
219	232
219	233
219	234
219	235
219	236
219	237
219	238
219	239
219	240
219	241
219	242
219	243
219	244
219	245
219	246
219	247
219	249
219	250
219	251
219	252
219	253
219	254
219	255
219	257
219	258
219	259
219	260
219	261
219	262
219	263
219	264
219	265
219	266
219	267
219	268
219	269
219	270
219	271
219	272
219	273
219	275
219	276
219	277
219	278
219	279
219	280
219	281
219	282
219	283
219	289
219	290
219	291
219	292
219	293
219	294
219	295
219	296
219	297
219	298
219	299
219	300
219	301
219	303
219	304
220	209
220	210
220	212
220	213
220	214
220	215
220	216
220	217
220	218
220	219
220	220
220	221
220	222
220	223
220	224
220	225
220	227
220	228
220	230
220	231
220	232
220	233
220	234
220	235
220	236
220	237
220	238
220	239
220	240
220	241
220	242
220	243
220	244
220	245
220	246
220	247
220	248
220	249
220	250
220	251
220	252
220	253
220	254
220	255
220	257
220	258
220	259
220	260
220	261
220	262
220	263
220	264
220	265
220	266
220	267
220	268
220	269
220	270
220	271
220	272
220	273
220	274
220	275
220	276
220	277
220	278
220	279
220	280
220	281
220	282
220	283
220	287
220	289
220	290
220	291
220	293
220	294
220	295
220	296
220	297
220	298
220	299
220	300
220	301
220	302
220	303
220	304
221	209
221	210
221	211
221	212
221	213
221	214
221	215
221	216
221	217
221	218
221	219
221	220
221	221
221	222
221	223
221	224
221	225
221	227
221	228
221	230
221	231
221	232
221	233
221	234
221	235
221	236
221	237
221	238
221	239
221	240
221	241
221	242
221	243
221	244
221	245
221	246
221	248
221	249
221	252
221	253
221	254
221	257
221	258
221	259
221	260
221	261
221	262
221	263
221	264
221	265
221	266
221	267
221	268
221	269
221	270
221	271
221	272
221	273
221	274
221	275
221	276
221	277
221	278
221	279
221	280
221	281
221	282
221	283
221	284
221	285
221	286
221	289
221	290
221	291
221	292
221	293
221	295
221	296
221	297
221	298
221	299
221	300
221	303
221	304
222	208
222	209
222	210
222	211
222	212
222	213
222	214
222	215
222	216
222	217
222	218
222	219
222	220
222	221
222	222
222	223
222	224
222	228
222	233
222	234
222	235
222	236
222	237
222	238
222	239
222	240
222	241
222	242
222	243
222	244
222	245
222	246
222	247
222	248
222	249
222	250
222	252
222	253
222	254
222	257
222	258
222	259
222	260
222	261
222	262
222	263
222	264
222	265
222	266
222	267
222	268
222	269
222	270
222	271
222	272
222	273
222	274
222	275
222	276
222	277
222	278
222	279
222	280
222	281
222	282
222	283
222	285
222	289
222	290
222	291
222	292
222	293
222	295
222	296
222	297
222	298
222	299
222	300
222	303
222	304
223	208
223	209
223	210
223	211
223	212
223	213
223	214
223	215
223	216
223	217
223	218
223	219
223	220
223	221
223	222
223	223
223	224
223	225
223	226
223	227
223	229
223	230
223	231
223	232
223	233
223	234
223	235
223	236
223	237
223	238
223	239
223	240
223	241
223	242
223	243
223	245
223	246
223	247
223	248
223	249
223	250
223	251
223	252
223	253
223	254
223	257
223	258
223	259
223	260
223	261
223	262
223	263
223	264
223	265
223	266
223	267
223	268
223	269
223	270
223	271
223	272
223	273
223	279
223	280
223	284
223	285
223	286
223	287
223	288
223	289
223	290
223	291
223	292
223	293
223	294
223	295
223	296
223	300
223	301
223	302
224	208
224	209
224	210
224	211
224	212
224	213
224	214
224	215
224	216
224	217
224	218
224	219
224	220
224	221
224	222
224	223
224	224
224	225
224	226
224	227
224	229
224	230
224	231
224	232
224	233
224	235
224	236
224	237
224	238
224	239
224	240
224	241
224	242
224	243
224	245
224	246
224	248
224	249
224	250
224	251
224	252
224	253
224	256
224	257
224	258
224	259
224	260
224	261
224	262
224	263
224	264
224	265
224	266
224	267
224	268
224	269
224	270
224	272
224	273
224	275
224	276
224	277
224	278
224	279
224	280
224	281
224	282
224	283
224	284
224	285
224	286
224	287
224	288
224	289
224	290
224	291
224	294
224	295
224	296
224	297
224	298
224	299
224	300
224	301
224	302
224	304
225	209
225	210
225	211
225	213
225	214
225	215
225	216
225	217
225	218
225	219
225	220
225	221
225	222
225	223
225	224
225	225
225	226
225	227
225	228
225	229
225	230
225	231
225	232
225	233
225	234
225	235
225	236
225	237
225	238
225	239
225	240
225	241
225	242
225	243
225	244
225	245
225	246
225	247
225	249
225	250
225	251
225	252
225	253
225	254
225	255
225	256
225	257
225	258
225	259
225	260
225	261
225	262
225	263
225	264
225	268
226	209
226	210
226	211
226	212
226	213
226	214
226	215
226	216
226	217
226	218
226	219
226	220
226	221
226	223
226	224
226	225
226	226
226	229
226	232
226	233
226	234
226	239
226	240
226	241
226	242
226	243
226	244
226	245
226	246
226	247
226	248
226	249
226	250
226	251
226	252
226	253
226	254
226	255
226	256
227	208
227	209
227	210
227	211
227	212
227	213
227	214
227	215
227	216
227	217
227	218
227	219
227	220
227	222
227	223
227	224
227	225
227	226
227	227
227	228
227	229
227	230
227	231
227	232
227	233
227	234
227	235
227	236
227	237
227	238
227	239
227	240
227	241
227	249
227	250
227	255
227	256
228	208
228	209
228	210
228	211
228	212
228	213
228	214
228	215
228	216
228	217
228	218
228	219
228	220
228	221
228	222
228	223
228	224
228	225
228	226
228	227
228	228
228	229
228	230
228	231
228	232
228	233
228	234
228	235
228	236
228	237
228	238
228	239
228	240
228	241
228	242
228	250
228	255
229	208
229	209
229	210
229	211
229	212
229	213
229	214
229	215
229	216
229	217
229	218
229	219
229	220
229	221
229	222
229	223
229	224
229	225
229	226
229	227
229	228
229	229
229	230
229	233
229	234
229	235
229	236
229	237
229	238
229	239
229	240
229	241
229	242
229	243
229	244
229	245
229	246
229	247
229	248
229	249
229	250
229	251
229	252
229	253
229	254
229	255
229	256
230	208
230	209
230	210
230	211
230	212
230	213
230	214
230	215
230	216
230	217
230	218
230	219
230	220
230	221
230	222
230	223
230	224
230	226
230	228
230	229
230	230
230	231
230	232
230	233
230	234
230	235
230	236
230	237
230	238
230	239
230	240
230	241
230	242
230	243
230	244
230	245
230	246
230	247
230	248
230	249
230	250
230	251
230	252
230	253
230	254
230	255
230	256
231	208
231	209
231	210
231	211
231	212
231	213
231	214
231	215
231	216
231	217
231	218
231	219
231	220
231	221
231	222
231	223
231	224
231	231
231	232
231	233
231	234
231	239
231	240
231	241
231	242
231	243
231	245
231	246
231	247
231	248
231	249
231	250
231	251
231	252
231	253
231	254
231	255
231	256
231	257
232	208
232	209
232	210
232	211
232	212
232	213
232	214
232	215
232	216
232	217
232	218
232	219
232	220
232	221
232	222
232	223
232	224
232	225
232	227
232	229
232	230
232	231
232	232
232	233
232	238
232	239
232	240
232	241
232	242
232	243
232	244
232	246
232	247
232	248
232	249
232	250
232	251
232	252
232	253
232	254
232	255
232	256
233	208
233	209
233	210
233	211
233	212
233	213
233	214
233	215
233	216
233	217
233	218
233	219
233	220
233	221
233	222
233	223
233	224
233	225
233	226
233	227
233	228
233	229
233	230
233	231
233	232
233	235
233	236
233	237
233	240
233	241
233	242
233	243
233	244
233	245
234	209
234	210
234	211
234	212
234	213
234	215
234	216
234	217
234	218
234	219
234	220
234	222
234	223
234	224
234	225
234	226
234	227
234	228
234	229
234	230
234	231
234	232
234	233
234	238
234	240
234	241
234	242
234	243
234	244
234	245
234	246
234	248
234	254
234	255
234	256
235	209
235	210
235	211
235	212
235	214
235	215
235	216
235	217
235	218
235	221
235	222
235	223
235	224
235	225
235	226
235	227
235	228
235	229
235	230
235	231
235	232
235	233
235	234
235	235
235	236
235	237
235	238
235	239
235	241
235	242
235	243
235	244
235	245
235	246
235	247
235	248
235	249
235	250
235	251
235	253
235	254
235	255
235	256
236	208
236	209
236	210
236	211
236	212
236	215
236	216
236	217
236	219
236	220
236	221
236	223
236	224
236	225
236	226
236	227
236	228
236	229
236	230
236	231
236	232
236	233
236	234
236	235
236	236
236	237
236	238
236	239
236	240
236	241
236	242
236	243
236	244
236	245
236	246
236	247
236	248
236	249
236	250
236	251
236	252
236	253
236	254
236	255
236	256
237	208
237	209
237	210
237	211
237	212
237	213
237	214
237	216
237	219
237	220
237	221
237	223
237	224
237	225
237	226
237	227
237	228
237	229
237	230
237	231
237	232
237	233
237	234
237	235
237	236
237	237
237	238
237	239
237	240
237	241
237	242
237	243
237	244
237	245
237	249
237	250
237	251
237	252
237	253
237	254
237	255
237	256
238	208
238	209
238	210
238	211
238	212
238	213
238	214
238	215
238	216
238	219
238	220
238	221
238	223
238	224
238	225
238	226
238	227
238	228
238	229
238	230
238	231
238	232
238	233
238	234
238	235
238	236
238	237
238	238
238	239
238	240
238	241
238	242
238	243
238	244
238	245
238	246
238	247
238	249
238	250
238	251
238	252
238	253
238	254
238	255
238	256
239	217
239	218
239	219
239	220
239	221
239	222
239	223
239	224
239	225
239	226
239	227
239	228
239	229
239	230
239	231
239	232
239	233
239	234
239	235
239	236
239	237
239	238
239	239
239	240
239	241
239	242
239	243
239	244
239	245
239	246
239	247
239	248
239	249
239	250
239	251
239	252
239	254
239	255
239	256
240	161
240	162
240	167
240	168
240	169
240	170
240	171
240	211
240	212
240	213
240	214
240	217
240	218
240	219
240	220
240	221
240	222
240	223
240	224
240	225
240	226
240	227
240	228
240	229
240	230
240	231
240	232
240	233
240	234
240	235
240	236
240	237
240	238
240	239
240	240
240	241
240	242
240	243
240	244
240	245
240	246
240	247
240	248
240	250
240	251
240	252
240	255
240	256
241	129
241	130
241	145
241	146
241	147
241	148
241	149
241	150
241	151
241	152
241	153
241	154
241	158
241	159
241	160
241	161
241	162
241	163
241	164
241	165
241	166
241	167
241	168
241	169
241	170
241	171
241	172
241	175
241	176
241	219
241	220
241	221
241	223
241	224
241	225
241	226
241	227
241	228
241	229
241	230
241	231
241	232
241	233
241	234
241	235
241	236
241	237
241	238
241	239
241	240
241	241
241	242
241	243
241	244
241	245
241	246
241	247
241	248
241	249
241	250
241	251
241	252
241	253
241	254
241	255
241	256
242	129
242	130
242	145
242	146
242	147
242	148
242	149
242	150
242	151
242	152
242	153
242	154
242	158
242	159
242	160
242	161
242	162
242	163
242	164
242	165
242	166
242	167
242	168
242	169
242	170
242	171
242	172
242	174
242	175
242	176
242	225
242	226
242	228
242	229
242	230
242	232
242	233
242	234
242	235
242	236
242	237
242	238
242	239
242	240
242	241
242	242
242	243
242	244
242	245
242	246
242	247
242	248
242	249
242	250
242	251
242	252
242	253
242	254
242	255
242	256
243	140
243	149
243	150
243	151
243	152
243	153
243	154
243	155
243	156
243	157
243	158
243	159
243	160
243	166
243	167
243	168
243	169
243	170
243	174
243	175
243	176
243	225
243	226
243	227
243	228
243	229
243	234
243	235
243	236
243	237
243	238
243	239
243	240
243	241
243	242
243	243
243	244
243	245
243	246
243	247
243	248
243	249
243	250
243	251
243	252
243	254
244	139
244	140
244	147
244	150
244	151
244	152
244	154
244	155
244	156
244	157
244	158
244	159
244	161
244	162
244	163
244	165
244	166
244	167
244	168
244	169
244	170
244	171
244	172
244	174
244	175
244	176
244	225
244	226
244	227
244	228
244	229
244	230
244	236
244	237
244	238
244	239
244	240
244	241
244	242
244	243
244	244
244	245
244	246
244	247
244	248
244	249
244	250
244	251
244	252
245	136
245	137
245	138
245	139
245	140
245	141
245	142
245	143
245	145
245	146
245	147
245	148
245	149
245	150
245	151
245	152
245	153
245	154
245	155
245	159
245	161
245	162
245	163
245	164
245	165
245	166
245	167
245	168
245	169
245	170
245	171
245	172
245	175
245	176
245	225
245	226
245	227
245	228
245	229
245	230
245	231
245	232
245	233
245	234
245	235
245	239
245	240
245	241
245	242
245	243
245	244
245	245
245	246
245	247
245	248
245	249
245	250
245	251
245	252
246	135
246	136
246	137
246	138
246	139
246	140
246	141
246	142
246	143
246	145
246	146
246	147
246	148
246	149
246	150
246	151
246	152
246	153
246	154
246	155
246	157
246	161
246	162
246	163
246	164
246	165
246	166
246	167
246	168
246	169
246	170
246	171
246	175
246	176
246	225
246	226
246	227
246	228
246	229
246	230
246	231
246	232
246	233
246	234
246	235
246	236
246	237
246	238
246	239
246	240
246	241
246	242
246	243
246	244
246	245
246	246
246	247
246	248
246	249
246	250
246	251
246	252
247	134
247	135
247	136
247	137
247	138
247	139
247	140
247	145
247	146
247	147
247	148
247	149
247	150
247	153
247	154
247	155
247	156
247	157
247	158
247	159
247	160
247	161
247	166
247	172
247	173
247	174
247	175
247	176
247	225
247	226
247	232
247	239
247	240
247	241
247	242
247	243
247	244
247	245
247	246
247	249
247	250
247	251
247	252
248	133
248	134
248	135
248	136
248	137
248	138
248	139
248	140
248	144
248	145
248	146
248	147
248	148
248	149
248	150
248	153
248	154
248	155
248	156
248	157
248	158
248	159
248	160
248	165
248	166
248	167
248	168
248	169
248	170
248	171
248	172
248	173
248	175
248	176
248	224
248	225
248	226
248	227
248	228
248	229
248	230
248	235
248	236
248	237
248	240
248	241
248	242
248	243
248	244
248	246
248	247
248	250
248	251
248	252
248	254
248	255
248	256
249	133
249	134
249	135
249	136
249	137
249	138
249	140
249	141
249	142
249	145
249	146
249	147
249	148
249	149
249	150
249	151
249	152
249	153
249	154
249	155
249	156
249	157
249	158
249	159
249	160
249	161
249	162
249	163
249	164
249	165
249	167
249	168
249	169
249	170
249	171
249	172
249	176
249	224
249	225
249	226
249	227
249	228
249	229
249	230
249	232
249	233
249	234
249	235
249	236
249	237
249	240
249	241
249	242
249	243
249	244
249	245
249	246
249	247
249	248
249	249
249	250
249	253
249	254
249	255
249	256
250	133
250	134
250	135
250	136
250	137
250	138
250	139
250	140
250	141
250	142
250	148
250	149
250	150
250	151
250	152
250	153
250	154
250	155
250	156
250	157
250	158
250	159
250	160
250	162
250	163
250	166
250	167
250	169
250	170
250	171
250	172
250	173
250	174
250	175
250	176
250	224
250	225
250	226
250	227
250	228
250	229
250	233
250	234
250	235
250	236
250	237
250	240
250	241
250	242
250	243
250	244
250	245
250	246
250	247
250	248
250	249
250	250
250	253
250	254
250	255
250	256
251	132
251	133
251	134
251	135
251	136
251	138
251	139
251	140
251	141
251	142
251	143
251	144
251	145
251	146
251	147
251	148
251	149
251	150
251	152
251	153
251	154
251	155
251	156
251	157
251	158
251	159
251	160
251	161
251	162
251	163
251	164
251	165
251	166
251	167
251	168
251	169
251	170
251	171
251	172
251	173
251	174
251	175
251	176
251	225
251	226
251	227
251	230
251	231
251	232
251	233
251	234
251	235
251	236
251	237
251	238
251	239
251	240
251	241
251	242
251	245
251	246
251	247
251	248
251	249
251	250
251	252
251	253
251	256
252	132
252	133
252	134
252	135
252	136
252	137
252	138
252	139
252	141
252	142
252	143
252	144
252	145
252	146
252	147
252	148
252	149
252	150
252	151
252	152
252	153
252	154
252	155
252	156
252	157
252	158
252	159
252	160
252	161
252	162
252	163
252	164
252	165
252	166
252	167
252	168
252	169
252	170
252	171
252	172
252	173
252	174
252	175
252	176
252	229
252	230
252	231
252	232
252	233
252	234
252	235
252	236
252	237
252	238
252	239
252	240
252	241
252	242
252	244
252	245
252	246
252	247
252	248
252	249
252	250
252	251
252	252
252	253
252	254
252	255
252	256
253	133
253	134
253	137
253	138
253	139
253	140
253	141
253	142
253	143
253	144
253	145
253	146
253	147
253	148
253	149
253	150
253	151
253	152
253	153
253	154
253	155
253	156
253	157
253	158
253	159
253	160
253	161
253	162
253	163
253	164
253	165
253	166
253	167
253	168
253	169
253	170
253	171
253	172
253	175
253	176
253	225
253	226
253	227
253	228
253	229
253	230
253	231
253	232
253	233
253	234
253	235
253	237
253	238
253	239
253	241
253	242
253	243
253	244
253	245
253	247
253	248
253	249
253	250
253	251
253	252
253	253
253	254
253	255
253	256
254	133
254	134
254	139
254	140
254	141
254	142
254	143
254	144
254	145
254	146
254	147
254	148
254	149
254	150
254	151
254	152
254	153
254	154
254	155
254	156
254	157
254	158
254	159
254	160
254	161
254	162
254	163
254	164
254	165
254	166
254	167
254	168
254	169
254	170
254	171
254	172
254	173
254	175
254	176
254	227
254	229
254	230
254	231
254	232
254	233
254	234
254	238
254	239
254	240
254	241
254	242
254	243
254	244
254	245
254	246
254	247
254	248
254	249
254	250
254	252
254	253
254	254
254	255
254	256
255	133
255	134
255	137
255	139
255	140
255	141
255	142
255	143
255	144
255	145
255	146
255	147
255	148
255	149
255	150
255	151
255	152
255	153
255	154
255	155
255	156
255	157
255	158
255	159
255	160
255	161
255	162
255	163
255	164
255	165
255	166
255	167
255	168
255	169
255	170
255	171
255	172
255	173
255	174
255	175
255	176
255	226
255	228
255	230
255	231
255	232
255	233
255	234
255	239
255	240
255	241
255	242
255	243
255	244
255	245
255	246
255	247
255	249
255	250
255	251
255	252
255	253
255	254
255	256
256	118
256	132
256	134
256	135
256	136
256	139
256	140
256	141
256	142
256	143
256	144
256	145
256	146
256	147
256	148
256	149
256	150
256	151
256	152
256	153
256	154
256	155
256	156
256	157
256	158
256	159
256	160
256	161
256	162
256	163
256	164
256	165
256	166
256	167
256	168
256	169
256	170
256	171
256	172
256	173
256	174
256	175
256	176
256	177
256	180
256	185
256	196
256	197
256	198
256	225
256	226
256	227
256	228
256	229
256	230
256	231
256	232
256	233
256	234
256	237
256	238
256	239
256	240
256	241
256	242
256	243
256	244
256	245
256	246
256	247
256	249
256	250
256	251
256	252
256	253
256	254
256	256
257	113
257	114
257	117
257	118
257	119
257	120
257	123
257	124
257	125
257	126
257	127
257	129
257	130
257	131
257	132
257	133
257	134
257	135
257	136
257	137
257	139
257	140
257	141
257	142
257	143
257	144
257	145
257	146
257	147
257	148
257	149
257	150
257	151
257	152
257	153
257	154
257	155
257	156
257	157
257	158
257	159
257	160
257	161
257	162
257	163
257	164
257	165
257	166
257	167
257	168
257	169
257	170
257	171
257	172
257	173
257	174
257	175
257	176
257	177
257	179
257	180
257	181
257	182
257	183
257	184
257	185
257	186
257	188
257	189
257	190
257	191
257	192
257	194
257	195
257	196
257	197
257	198
257	201
257	202
257	203
257	204
257	206
257	207
257	208
257	244
257	245
257	246
257	252
257	253
258	113
258	114
258	116
258	117
258	118
258	119
258	120
258	123
258	124
258	125
258	126
258	129
258	130
258	132
258	133
258	134
258	135
258	136
258	137
258	138
258	139
258	140
258	141
258	142
258	143
258	144
258	145
258	146
258	147
258	148
258	149
258	151
258	152
258	153
258	155
258	156
258	157
258	158
258	159
258	160
258	161
258	162
258	165
258	166
258	167
258	168
258	169
258	170
258	171
258	172
258	173
258	174
258	175
258	176
258	177
258	178
258	179
258	180
258	181
258	182
258	183
258	184
258	185
258	186
258	188
258	189
258	190
258	191
258	192
258	196
258	197
258	198
258	201
258	202
258	203
258	204
258	206
258	207
258	208
259	116
259	117
259	118
259	123
259	124
259	129
259	130
259	131
259	132
259	133
259	136
259	137
259	138
259	139
259	140
259	141
259	142
259	143
259	144
259	145
259	146
259	147
259	148
259	149
259	150
259	151
259	152
259	155
259	156
259	157
259	158
259	159
259	160
259	161
259	162
259	163
259	164
259	165
259	166
259	167
259	168
259	169
259	170
259	171
259	172
259	173
259	174
259	175
259	176
259	177
259	178
259	179
259	180
259	181
259	182
259	183
259	187
259	188
259	189
259	191
259	192
259	193
259	194
259	195
259	196
259	197
259	198
259	199
259	200
259	201
259	202
259	203
259	204
259	205
259	206
260	115
260	116
260	117
260	118
260	123
260	124
260	125
260	126
260	129
260	130
260	131
260	132
260	133
260	134
260	135
260	136
260	137
260	138
260	139
260	140
260	141
260	142
260	143
260	144
260	145
260	146
260	147
260	148
260	150
260	151
260	152
260	155
260	156
260	157
260	158
260	160
260	162
260	163
260	164
260	165
260	166
260	167
260	168
260	169
260	170
260	171
260	172
260	173
260	174
260	175
260	176
260	177
260	178
260	179
260	180
260	181
260	182
260	183
260	184
260	185
260	186
260	187
260	188
260	189
260	190
260	191
260	192
260	193
260	194
260	195
260	196
260	201
260	203
260	204
260	205
260	206
260	207
260	208
261	115
261	116
261	117
261	119
261	120
261	121
261	123
261	124
261	125
261	126
261	127
261	128
261	129
261	130
261	132
261	133
261	134
261	135
261	136
261	137
261	138
261	139
261	140
261	141
261	142
261	143
261	144
261	145
261	146
261	147
261	148
261	149
261	150
261	151
261	152
261	155
261	156
261	157
261	160
261	161
261	162
261	163
261	164
261	165
261	166
261	168
261	169
261	170
261	171
261	172
261	173
261	174
261	175
261	176
261	177
261	178
261	179
261	180
261	181
261	182
261	183
261	184
261	186
261	187
261	188
261	189
261	190
261	191
261	192
261	193
261	194
261	196
261	197
261	198
261	199
261	200
261	202
261	203
261	204
261	205
261	206
261	207
261	208
262	114
262	115
262	116
262	119
262	120
262	121
262	123
262	124
262	125
262	126
262	127
262	128
262	129
262	130
262	131
262	132
262	133
262	134
262	135
262	136
262	137
262	138
262	139
262	140
262	141
262	142
262	143
262	144
262	145
262	146
262	147
262	148
262	149
262	150
262	151
262	152
262	155
262	156
262	157
262	158
262	159
262	160
262	161
262	162
262	163
262	164
262	165
262	166
262	168
262	169
262	170
262	171
262	172
262	173
262	174
262	175
262	176
262	177
262	178
262	179
262	180
262	181
262	182
262	183
262	184
262	185
262	186
262	187
262	188
262	189
262	190
262	191
262	192
262	193
262	194
262	195
262	196
262	197
262	198
262	199
262	200
262	201
262	202
262	203
262	204
262	205
262	206
262	207
262	208
263	113
263	114
263	115
263	116
263	117
263	118
263	119
263	120
263	121
263	123
263	124
263	125
263	126
263	127
263	128
263	129
263	130
263	131
263	132
263	133
263	134
263	135
263	136
263	137
263	138
263	139
263	140
263	141
263	142
263	143
263	144
263	145
263	146
263	147
263	148
263	149
263	150
263	151
263	152
263	154
263	155
263	156
263	157
263	158
263	159
263	160
263	161
263	162
263	163
263	164
263	168
263	169
263	172
263	173
263	174
263	175
263	176
263	177
263	178
263	179
263	180
263	181
263	182
263	183
263	184
263	185
263	187
263	188
263	189
263	190
263	192
263	193
263	194
263	195
263	196
263	197
263	198
263	199
263	200
263	201
263	202
263	203
263	204
263	205
263	206
263	207
263	208
264	113
264	114
264	115
264	116
264	117
264	118
264	119
264	120
264	123
264	124
264	125
264	126
264	127
264	128
264	129
264	130
264	131
264	132
264	133
264	134
264	135
264	136
264	137
264	138
264	139
264	140
264	141
264	142
264	144
264	146
264	147
264	148
264	149
264	150
264	151
264	152
264	153
264	154
264	155
264	156
264	158
264	159
264	160
264	161
264	162
264	163
264	164
264	165
264	166
264	167
264	168
264	169
264	170
264	171
264	172
264	174
264	175
264	176
264	177
264	178
264	179
264	180
264	181
264	182
264	183
264	184
264	185
264	186
264	188
264	189
264	190
264	191
264	192
264	193
264	194
264	200
264	201
264	202
264	203
264	204
264	207
264	208
265	113
265	114
265	115
265	116
265	117
265	118
265	119
265	120
265	121
265	122
265	123
265	124
265	125
265	126
265	127
265	128
265	130
265	131
265	132
265	133
265	134
265	135
265	136
265	137
265	138
265	139
265	140
265	141
265	142
265	143
265	144
265	145
265	146
265	147
265	148
265	149
265	150
265	151
265	152
265	153
265	154
265	155
265	156
265	157
265	158
265	159
265	160
265	161
265	162
265	164
265	165
265	166
265	167
265	168
265	169
265	170
265	171
265	172
265	174
265	175
265	176
265	177
265	178
265	179
265	180
265	181
265	182
265	183
265	184
265	185
265	186
265	189
265	190
265	191
265	192
265	194
265	195
265	196
265	197
265	198
265	199
265	200
265	201
265	205
265	206
265	207
265	208
266	113
266	114
266	116
266	117
266	118
266	119
266	120
266	122
266	123
266	124
266	125
266	127
266	128
266	129
266	130
266	131
266	132
266	133
266	134
266	135
266	136
266	137
266	138
266	139
266	140
266	141
266	142
266	143
266	144
266	145
266	151
266	152
266	153
266	154
266	155
266	156
266	157
266	158
266	159
266	160
266	161
266	162
266	163
266	165
266	166
266	167
266	168
266	170
266	171
266	172
266	174
266	175
266	176
266	177
266	178
266	179
266	180
266	181
266	182
266	183
266	184
266	185
266	186
266	187
266	190
266	191
266	192
266	193
266	194
266	195
266	196
266	197
266	198
266	199
266	200
266	201
266	202
266	203
266	206
266	207
266	208
267	113
267	114
267	117
267	118
267	119
267	120
267	121
267	122
267	123
267	124
267	126
267	127
267	128
267	129
267	130
267	131
267	132
267	133
267	134
267	135
267	136
267	137
267	138
267	139
267	140
267	141
267	142
267	143
267	144
267	146
267	147
267	148
267	149
267	150
267	151
267	152
267	153
267	154
267	155
267	156
267	157
267	158
267	159
267	160
267	161
267	162
267	163
267	165
267	166
267	167
267	168
267	169
267	171
267	172
267	173
267	174
267	175
267	176
267	177
267	178
267	179
267	180
267	181
267	182
267	183
267	184
267	185
267	186
267	187
267	188
267	189
267	190
267	191
267	192
267	193
267	194
267	195
267	196
267	197
267	198
267	199
267	200
267	201
267	202
267	203
267	204
267	205
267	206
267	207
267	208
267	209
268	113
268	114
268	117
268	118
268	119
268	120
268	121
268	122
268	123
268	124
268	125
268	126
268	127
268	128
268	129
268	130
268	131
268	132
268	133
268	134
268	135
268	136
268	137
268	138
268	139
268	140
268	141
268	142
268	144
268	146
268	147
268	148
268	149
268	150
268	151
268	152
268	153
268	154
268	155
268	156
268	157
268	158
268	159
268	161
268	162
268	163
268	164
268	165
268	166
268	167
268	168
268	169
268	172
268	173
268	174
268	176
268	177
268	178
268	180
268	181
268	182
268	183
268	184
268	185
268	186
268	187
268	188
268	189
268	190
268	191
268	193
268	194
268	195
268	196
268	197
268	198
268	199
268	200
268	201
268	202
268	203
268	204
268	205
268	206
268	207
268	208
269	113
269	114
269	117
269	118
269	119
269	120
269	121
269	122
269	123
269	125
269	126
269	127
269	128
269	129
269	130
269	131
269	132
269	133
269	134
269	135
269	136
269	137
269	138
269	139
269	140
269	141
269	142
269	147
269	148
269	149
269	150
269	151
269	152
269	156
269	159
269	160
269	161
269	162
269	163
269	164
269	165
269	166
269	167
269	168
269	169
269	170
269	172
269	173
269	174
269	175
269	177
269	178
269	179
269	180
269	181
269	182
269	183
269	184
269	185
269	186
269	187
269	188
269	189
269	190
269	192
269	193
269	194
269	195
269	196
269	197
269	198
269	199
269	200
269	201
269	202
269	203
269	204
269	205
269	206
269	207
269	208
270	113
270	114
270	117
270	118
270	119
270	120
270	121
270	122
270	123
270	125
270	126
270	127
270	128
270	129
270	130
270	131
270	132
270	133
270	134
270	135
270	136
270	137
270	138
270	139
270	140
270	141
270	142
270	147
270	148
270	149
270	150
270	151
270	155
270	156
270	159
270	161
270	162
270	163
270	165
270	166
270	167
270	168
270	169
270	171
270	172
270	173
270	174
270	175
270	176
270	177
270	178
270	179
270	180
270	181
270	182
270	183
270	184
270	185
270	186
270	190
270	192
270	193
270	194
270	195
270	196
270	197
270	198
270	199
270	200
270	201
270	202
270	203
270	204
270	205
270	206
270	207
270	208
270	209
271	113
271	114
271	116
271	117
271	118
271	119
271	120
271	121
271	122
271	123
271	125
271	126
271	127
271	128
271	129
271	130
271	131
271	132
271	133
271	134
271	135
271	136
271	137
271	138
271	139
271	140
271	141
271	142
271	146
271	147
271	148
271	149
271	154
271	155
271	156
271	159
271	161
271	162
271	163
271	164
271	166
271	167
271	168
271	173
271	174
271	175
271	176
271	177
271	178
271	179
271	180
271	181
271	182
271	183
271	184
271	185
271	187
271	188
271	189
271	190
271	192
271	193
271	194
271	195
271	196
271	197
271	198
271	199
271	200
271	201
271	202
271	203
271	204
271	205
271	206
271	207
271	208
271	209
272	113
272	114
272	116
272	117
272	118
272	120
272	121
272	122
272	123
272	124
272	125
272	126
272	127
272	128
272	129
272	130
272	131
272	132
272	133
272	134
272	135
272	136
272	137
272	138
272	139
272	140
272	141
272	142
272	145
272	146
272	147
272	148
272	149
272	150
272	153
272	154
272	155
272	156
272	158
272	159
272	160
272	162
272	163
272	164
272	165
272	166
272	167
272	168
272	169
272	170
272	173
272	174
272	175
272	176
272	177
272	178
272	179
272	180
272	181
272	182
272	183
272	184
272	185
272	187
272	188
272	189
272	190
272	191
272	192
272	193
272	194
272	195
272	196
272	197
272	198
272	199
272	200
272	201
272	202
272	203
272	204
272	205
272	206
272	207
272	208
272	209
273	115
273	116
273	117
273	118
273	119
273	120
273	121
273	122
273	123
273	124
273	125
273	126
273	127
273	128
273	129
273	130
273	131
273	132
273	133
273	134
273	135
273	136
273	138
273	139
273	140
273	143
273	144
273	163
273	164
273	165
273	166
273	167
273	168
273	169
273	171
273	172
273	173
273	174
273	175
273	176
273	177
273	178
273	179
273	180
273	181
273	182
273	183
273	184
273	185
273	186
273	187
273	188
273	189
273	190
273	191
273	192
273	193
273	194
273	195
273	196
273	197
273	198
273	199
273	200
273	201
273	202
273	203
273	204
273	205
273	206
273	207
273	208
273	209
274	115
274	116
274	117
274	118
274	119
274	120
274	121
274	122
274	124
274	125
274	126
274	127
274	128
274	129
274	130
274	131
274	132
274	134
274	135
274	136
274	137
274	139
274	140
274	141
274	142
274	143
274	144
274	161
274	162
274	163
274	164
274	165
274	166
274	167
274	168
274	171
274	172
274	173
274	174
274	175
274	176
274	177
274	178
274	179
274	181
274	182
274	183
274	184
274	185
274	186
274	187
274	188
274	189
274	190
274	191
274	192
274	194
274	195
274	196
274	197
274	198
274	199
274	200
274	201
274	202
274	203
274	204
274	205
274	206
274	207
274	208
274	209
275	113
275	114
275	115
275	116
275	117
275	118
275	119
275	120
275	121
275	122
275	123
275	124
275	125
275	126
275	127
275	128
275	129
275	130
275	131
275	132
275	134
275	135
275	136
275	137
275	138
275	139
275	140
275	141
275	142
275	144
275	165
275	166
275	167
275	168
275	170
275	171
275	172
275	173
275	174
275	177
275	179
275	180
275	181
275	182
275	183
275	184
275	185
275	186
275	187
275	188
275	189
275	190
275	191
275	192
275	193
275	194
275	196
275	197
275	198
275	199
275	200
275	201
275	202
275	203
275	204
275	205
275	206
275	207
275	208
275	209
276	112
276	113
276	114
276	115
276	116
276	117
276	118
276	121
276	122
276	123
276	124
276	125
276	126
276	127
276	128
276	129
276	130
276	131
276	132
276	134
276	135
276	136
276	137
276	138
276	139
276	140
276	141
276	143
276	144
276	165
276	166
276	167
276	169
276	170
276	171
276	172
276	173
276	174
276	175
276	178
276	179
276	180
276	181
276	182
276	183
276	184
276	185
276	186
276	187
276	188
276	189
276	190
276	191
276	193
276	194
276	195
276	197
276	198
276	199
276	200
276	201
276	202
276	203
276	204
276	205
276	206
276	207
276	208
276	209
277	112
277	113
277	114
277	115
277	117
277	118
277	121
277	123
277	124
277	125
277	126
277	127
277	128
277	129
277	130
277	131
277	132
277	134
277	135
277	136
277	137
277	138
277	139
277	140
277	143
277	144
277	164
277	165
277	166
277	169
277	170
277	172
277	173
277	174
277	175
277	176
277	177
277	179
277	180
277	181
277	182
277	183
277	184
277	185
277	186
277	187
277	188
277	189
277	190
277	191
277	192
277	193
277	194
277	195
277	197
277	198
277	199
277	200
277	202
277	203
277	204
277	205
277	206
277	207
277	208
278	112
278	113
278	114
278	117
278	121
278	123
278	124
278	125
278	126
278	127
278	128
278	129
278	130
278	131
278	132
278	133
278	134
278	135
278	136
278	137
278	139
278	140
278	143
278	144
278	163
278	164
278	165
278	166
278	168
278	169
278	170
278	172
278	173
278	174
278	175
278	176
278	177
278	178
278	179
278	180
278	181
278	182
278	183
278	184
278	185
278	186
278	187
278	188
278	189
278	190
278	191
278	192
278	193
278	194
278	195
278	198
278	199
278	201
278	202
278	203
278	204
278	205
278	206
278	207
278	208
279	113
279	114
279	116
279	117
279	118
279	120
279	121
279	123
279	124
279	125
279	126
279	127
279	128
279	129
279	130
279	131
279	132
279	133
279	134
279	135
279	136
279	137
279	138
279	139
279	140
279	143
279	144
279	161
279	162
279	163
279	164
279	165
279	166
279	167
279	168
279	169
279	170
279	171
279	172
279	173
279	174
279	175
279	176
279	177
279	178
279	179
279	180
279	181
279	182
279	183
279	184
279	185
279	186
279	187
279	188
279	189
279	191
279	192
279	193
279	194
279	199
279	200
279	201
279	202
279	203
279	204
279	205
279	206
279	207
279	208
280	113
280	114
280	115
280	116
280	117
280	118
280	119
280	120
280	121
280	123
280	124
280	125
280	126
280	127
280	128
280	129
280	130
280	131
280	133
280	134
280	137
280	138
280	139
280	140
280	143
280	144
280	161
280	162
280	163
280	164
280	165
280	166
280	167
280	168
280	169
280	171
280	172
280	173
280	174
280	175
280	176
280	177
280	178
280	179
280	180
280	181
280	182
280	183
280	184
280	185
280	186
280	187
280	188
280	189
280	190
280	191
280	192
280	193
280	195
280	196
280	198
280	199
280	200
280	201
280	202
280	203
280	204
280	205
280	206
280	207
280	208
280	209
281	115
281	116
281	117
281	118
281	119
281	120
281	121
281	122
281	123
281	124
281	125
281	126
281	127
281	128
281	129
281	130
281	131
281	132
281	133
281	134
281	137
281	138
281	139
281	140
281	143
281	144
281	161
281	162
281	163
281	164
281	165
281	166
281	167
281	168
281	170
281	171
281	172
281	173
281	174
281	175
281	176
281	177
281	178
281	179
281	180
281	181
281	182
281	183
281	184
281	185
281	186
281	187
281	188
281	191
281	192
281	193
281	194
281	195
281	196
281	197
281	198
281	199
281	200
281	201
281	202
281	205
281	206
281	207
281	208
281	209
282	115
282	116
282	117
282	119
282	120
282	121
282	122
282	124
282	125
282	126
282	127
282	128
282	129
282	130
282	131
282	132
282	133
282	134
282	137
282	138
282	139
282	140
282	143
282	144
282	161
282	162
282	163
282	165
282	166
282	167
282	168
282	169
282	170
282	171
282	172
282	173
282	174
282	175
282	176
282	177
282	178
282	179
282	180
282	181
282	182
282	183
282	184
282	185
282	186
282	187
282	188
282	189
282	190
282	191
282	194
282	195
282	196
282	197
282	198
282	199
282	200
282	201
282	202
282	203
282	205
282	206
282	207
282	208
283	115
283	116
283	117
283	119
283	120
283	121
283	122
283	123
283	124
283	125
283	126
283	127
283	128
283	129
283	130
283	131
283	132
283	133
283	134
283	136
283	143
283	144
283	161
283	162
283	163
283	165
283	166
283	167
283	168
283	169
283	170
283	171
283	172
283	173
283	174
283	175
283	176
283	177
283	178
283	179
283	180
283	181
283	182
283	183
283	184
283	185
283	186
283	187
283	188
283	189
283	190
283	191
283	192
283	193
283	194
283	195
283	196
283	197
283	198
283	199
283	200
283	201
283	202
283	203
283	204
283	205
284	113
284	114
284	115
284	116
284	117
284	118
284	119
284	120
284	121
284	122
284	123
284	125
284	126
284	127
284	128
284	130
284	131
284	132
284	133
284	143
284	144
284	161
284	162
284	163
284	165
284	166
284	167
284	169
284	170
284	171
284	172
284	173
284	174
284	175
284	176
284	177
284	178
284	179
284	180
284	181
284	182
284	183
284	184
284	185
284	186
284	188
284	189
284	190
284	191
284	192
284	193
284	194
284	195
284	196
284	197
284	198
284	199
284	200
284	202
284	203
284	204
284	205
284	206
284	207
284	208
285	113
285	114
285	115
285	116
285	117
285	118
285	119
285	122
285	123
285	124
285	126
285	127
285	128
285	130
285	131
285	132
285	137
285	138
285	139
285	140
285	143
285	144
285	161
285	162
285	163
285	165
285	166
285	169
285	170
285	171
285	173
285	174
285	175
285	176
285	177
285	178
285	179
285	180
285	181
285	182
285	183
285	184
285	187
285	188
285	190
285	191
285	192
285	193
285	194
285	195
285	196
285	197
285	198
285	199
285	200
285	201
285	202
285	203
285	204
285	205
285	206
285	207
285	208
286	113
286	114
286	116
286	117
286	118
286	119
286	120
286	121
286	123
286	124
286	125
286	126
286	127
286	128
286	131
286	132
286	137
286	138
286	139
286	140
286	141
286	143
286	144
286	161
286	162
286	163
286	164
286	165
286	166
286	168
286	169
286	170
286	171
286	173
286	174
286	175
286	176
286	177
286	178
286	179
286	180
286	181
286	182
286	183
286	184
286	185
286	186
286	187
286	188
286	189
286	190
286	191
286	192
286	193
286	194
286	195
286	196
286	197
286	198
286	199
286	200
286	201
286	202
286	203
286	204
286	206
286	207
286	208
287	113
287	114
287	117
287	118
287	119
287	120
287	121
287	122
287	123
287	124
287	125
287	128
287	129
287	130
287	131
287	132
287	133
287	134
287	136
287	137
287	138
287	139
287	140
287	141
287	142
287	143
287	144
287	161
287	162
287	163
287	164
287	165
287	166
287	168
287	169
287	170
287	171
287	172
287	173
287	174
287	175
287	176
287	177
287	178
287	179
287	180
287	181
287	182
287	183
287	184
287	185
287	186
287	187
287	188
287	189
287	190
287	191
287	192
287	193
287	194
287	195
287	196
287	197
287	198
287	199
288	113
288	114
288	117
288	118
288	119
288	120
288	121
288	122
288	123
288	124
288	127
288	128
288	130
288	131
288	132
288	133
288	134
288	136
288	137
288	138
288	139
288	140
288	141
288	142
288	143
288	144
288	167
288	168
288	169
288	170
288	171
288	172
288	173
288	174
288	175
288	176
288	177
288	178
288	179
288	180
288	181
288	182
288	183
288	185
288	186
288	187
288	188
288	189
288	190
288	191
288	192
288	193
288	194
288	195
288	196
288	197
288	198
289	123
289	124
289	128
289	129
289	130
289	133
289	135
289	136
289	137
289	138
289	139
289	140
289	141
289	142
289	148
289	149
289	150
289	151
289	152
289	153
289	154
289	155
289	156
289	157
289	161
289	162
289	164
289	165
289	166
289	167
289	168
289	169
289	170
289	171
289	172
289	173
289	174
289	175
289	176
289	177
289	178
289	179
289	180
289	181
289	182
289	187
289	188
289	189
289	191
289	192
289	193
289	194
290	128
290	129
290	130
290	131
290	132
290	133
290	135
290	136
290	137
290	138
290	139
290	141
290	142
290	148
290	149
290	150
290	151
290	153
290	155
290	156
290	158
290	160
290	161
290	162
290	163
290	164
290	165
290	166
290	167
290	168
290	169
290	170
290	171
290	172
290	173
290	174
290	175
290	176
290	177
290	178
290	179
290	180
290	181
290	182
290	187
290	188
291	128
291	129
291	130
291	131
291	132
291	134
291	135
291	136
291	137
291	138
291	139
291	140
291	141
291	142
291	143
291	144
291	152
291	154
291	155
291	156
291	157
291	158
291	159
291	160
291	161
291	162
291	163
291	164
291	165
291	166
291	167
291	168
291	169
291	171
291	172
291	173
291	174
291	175
291	176
291	177
291	178
291	179
291	180
291	181
291	182
291	187
291	188
291	189
292	129
292	131
292	132
292	133
292	134
292	135
292	136
292	137
292	138
292	139
292	140
292	141
292	142
292	143
292	144
292	145
292	146
292	151
292	152
292	153
292	154
292	155
292	156
292	157
292	158
292	159
292	160
292	161
292	162
292	163
292	164
292	165
292	166
292	167
292	168
292	170
292	171
292	172
292	173
292	174
292	175
292	176
292	177
292	178
292	179
292	180
292	181
292	182
292	187
292	188
292	189
292	190
293	129
293	130
293	131
293	132
293	134
293	135
293	136
293	137
293	138
293	142
293	143
293	144
293	145
293	146
293	147
293	148
293	149
293	150
293	151
293	152
293	153
293	154
293	155
293	156
293	159
293	161
293	162
293	163
293	164
293	165
293	166
293	167
293	168
293	169
293	170
293	171
293	172
293	173
293	174
293	175
293	176
293	177
293	178
293	179
293	180
293	181
293	182
293	183
293	187
293	188
293	189
293	190
294	129
294	130
294	131
294	132
294	133
294	134
294	135
294	137
294	138
294	141
294	142
294	143
294	144
294	145
294	146
294	147
294	148
294	149
294	150
294	151
294	152
294	153
294	154
294	155
294	156
294	157
294	158
294	159
294	160
294	161
294	162
294	163
294	164
294	165
294	166
294	167
294	168
294	169
294	170
294	171
294	172
294	173
294	174
294	175
294	176
294	177
294	178
294	179
294	180
294	181
294	182
294	183
294	187
294	188
294	189
294	190
295	129
295	130
295	131
295	132
295	133
295	134
295	135
295	136
295	137
295	138
295	139
295	140
295	142
295	146
295	149
295	150
295	151
295	152
295	153
295	154
295	155
295	156
295	157
295	158
295	159
295	160
295	161
295	162
295	163
295	164
295	165
295	166
295	167
295	168
295	169
295	170
295	171
295	172
295	173
295	174
295	175
295	176
295	177
295	181
295	182
295	183
295	184
295	185
295	186
295	187
295	188
296	128
296	129
296	130
296	131
296	132
296	133
296	134
296	135
296	136
296	137
296	138
296	139
296	140
296	141
296	142
296	143
296	144
296	145
296	146
296	147
296	150
296	151
296	152
296	153
296	154
296	157
296	158
296	159
296	160
296	161
296	162
296	163
296	164
296	165
296	166
296	167
296	168
296	169
296	170
296	171
296	172
296	173
296	174
296	175
296	176
296	178
296	182
296	183
296	184
296	185
296	186
296	187
296	188
297	129
297	130
297	131
297	132
297	133
297	134
297	135
297	136
297	137
297	138
297	139
297	140
297	141
297	142
297	143
297	144
297	145
297	146
297	147
297	148
297	149
297	150
297	151
297	154
297	155
297	159
297	160
297	161
297	162
297	163
297	164
297	165
297	166
297	167
297	168
297	169
297	170
297	171
297	172
297	173
297	174
297	175
297	176
297	181
297	182
297	183
297	184
297	186
298	129
298	130
298	131
298	132
298	133
298	134
298	135
298	136
298	137
298	138
298	139
298	140
298	141
298	142
298	143
298	144
298	145
298	146
298	147
298	148
298	149
298	150
298	151
298	152
298	153
298	154
298	155
298	156
298	157
298	158
298	159
298	160
298	161
298	162
298	163
298	164
298	165
298	166
298	167
298	168
298	169
298	170
298	171
298	172
298	173
298	175
298	176
298	181
298	182
298	183
298	184
298	185
298	186
299	129
299	130
299	131
299	132
299	133
299	134
299	135
299	136
299	137
299	138
299	139
299	140
299	141
299	143
299	144
299	148
299	149
299	150
299	151
299	152
299	153
299	154
299	155
299	156
299	157
299	158
299	159
299	160
299	161
299	162
299	163
299	164
299	165
299	166
299	167
299	168
299	169
299	170
299	171
299	172
299	173
299	174
299	176
299	178
299	179
299	180
299	181
299	182
299	183
299	184
300	130
300	131
300	132
300	133
300	134
300	135
300	136
300	137
300	138
300	139
300	140
300	141
300	142
300	143
300	144
300	145
300	146
300	147
300	148
300	149
300	150
300	151
300	152
300	153
300	154
300	155
300	156
300	157
300	158
300	159
300	160
300	161
300	162
300	163
300	164
300	165
300	166
300	167
300	168
300	169
300	170
300	171
300	172
300	173
300	174
300	176
300	178
300	179
300	180
300	181
300	182
300	183
300	184
301	129
301	130
301	131
301	132
301	133
301	134
301	135
301	136
301	137
301	138
301	139
301	140
301	141
301	142
301	143
301	144
301	145
301	146
301	147
301	148
301	149
301	150
301	151
301	152
301	153
301	154
301	155
301	156
301	157
301	158
301	159
301	160
301	161
301	162
301	163
301	164
301	165
301	166
301	167
301	168
301	169
301	170
301	171
301	172
301	173
301	174
301	175
301	176
301	179
301	180
301	181
301	182
302	130
302	131
302	132
302	133
302	134
302	135
302	136
302	137
302	138
302	139
302	140
302	141
302	142
302	143
302	144
302	145
302	146
302	147
302	148
302	149
302	150
302	151
302	152
302	153
302	154
302	155
302	156
302	157
302	158
302	159
302	160
302	161
302	162
302	163
302	164
302	165
302	166
302	167
302	168
302	169
302	170
302	171
302	172
302	173
302	174
302	175
302	176
302	180
302	181
302	182
302	190
302	191
302	192
303	128
303	129
303	130
303	131
303	132
303	133
303	134
303	135
303	136
303	137
303	138
303	139
303	140
303	141
303	142
303	143
303	144
303	145
303	146
303	147
303	148
303	149
303	150
303	151
303	152
303	153
303	154
303	155
303	156
303	157
303	158
303	159
303	160
303	161
303	162
303	163
303	164
303	165
303	166
303	167
303	169
303	170
303	174
303	175
303	190
303	191
303	192
304	128
304	129
304	130
304	131
304	132
304	133
304	134
304	135
304	136
304	137
304	138
304	139
304	140
304	141
304	142
304	143
304	144
304	145
304	146
304	147
304	148
304	149
304	150
304	151
304	152
304	153
304	154
304	155
304	156
304	157
304	158
304	159
304	160
304	161
304	162
304	163
304	164
304	165
304	166
304	168
304	169
304	170
304	171
304	172
304	175
304	176
304	190
304	191
304	192
305	129
305	130
305	133
305	134
305	135
305	136
305	137
305	138
305	139
305	140
305	141
305	142
305	143
305	144
305	145
305	146
305	147
305	148
305	149
305	150
305	151
305	152
305	153
305	154
305	155
305	156
305	157
305	158
305	159
305	160
305	161
305	162
305	169
305	170
306	135
306	136
306	137
306	138
306	139
306	140
306	141
306	142
306	143
306	144
306	145
307	135
307	136
307	137
307	138
307	139
307	140
307	141
307	142
307	143
307	144
307	145
308	135
308	136
308	137
308	138
308	139
308	140
308	141
308	142
308	143
308	144
309	129
309	130
309	137
309	138
309	139
309	140
309	141
309	142
309	143
309	144
310	129
310	130
310	138
310	139
310	140
310	141
310	142
310	143
310	144
311	138
311	143
311	144
312	139
315	137
315	138
315	139
315	140
315	141
315	142
315	143
315	144
316	137
316	138
316	139
316	140
316	141
316	142
316	143
316	144
317	143
317	144
319	129
319	130
319	143
319	144
320	129
320	130
320	143
320	144