1	225
1	226
1	229
1	230
1	231
1	232
1	233
1	234
1	237
1	238
1	239
1	241
1	242
1	243
1	245
1	246
1	247
1	248
1	249
1	250
1	251
1	252
1	253
1	254
1	255
1	256
1	257
1	258
1	261
1	262
1	263
1	264
1	265
1	266
1	267
1	268
1	269
1	270
1	271
1	272
2	225
2	226
2	229
2	230
2	231
2	232
2	233
2	234
2	238
2	239
2	246
2	247
2	248
2	249
2	250
2	251
2	252
2	253
2	254
2	255
2	256
2	261
2	262
2	263
2	264
2	270
2	271
2	272
3	229
3	230
3	235
3	240
3	241
3	242
3	243
3	249
3	250
3	251
3	252
3	253
3	254
3	255
3	256
3	258
3	259
3	260
3	261
3	262
3	263
3	264
3	265
3	266
3	267
3	268
3	269
3	270
3	271
4	229
4	230
4	235
4	236
4	241
4	242
4	243
4	244
4	248
4	249
4	250
4	251
4	252
4	254
4	255
4	256
4	257
4	258
4	259
4	260
4	261
4	262
4	263
4	264
4	265
4	266
4	267
4	268
4	269
4	270
4	271
4	272
5	225
5	226
5	227
5	228
5	231
5	232
5	233
5	234
5	235
5	236
5	237
5	238
5	239
5	242
5	243
5	244
5	245
5	246
5	247
5	248
5	251
5	252
5	253
5	254
5	255
5	256
5	257
5	259
5	260
5	261
5	262
5	263
5	264
5	265
5	267
5	268
5	271
5	272
6	225
6	226
6	227
6	228
6	231
6	232
6	233
6	234
6	235
6	236
6	237
6	238
6	239
6	240
6	241
6	242
6	243
6	244
6	245
6	246
6	247
6	248
6	250
6	251
6	252
6	253
6	254
6	255
6	256
6	258
6	259
6	260
6	261
6	262
6	263
6	264
6	266
6	267
6	268
6	269
6	270
7	225
7	226
7	229
7	230
7	231
7	232
7	233
7	234
7	240
7	241
7	242
7	243
7	245
7	246
7	247
7	248
7	251
7	252
7	255
7	256
7	257
7	258
7	259
7	260
7	261
7	265
7	266
7	267
7	268
7	269
7	270
7	271
8	225
8	226
8	229
8	230
8	231
8	232
8	233
8	236
8	241
8	242
8	243
8	244
8	246
8	247
8	248
8	254
8	255
8	256
8	257
8	258
8	259
8	260
8	261
8	262
8	263
8	264
8	265
8	266
8	267
8	268
8	269
9	225
9	226
9	229
9	230
9	231
9	232
9	234
9	235
9	236
9	237
9	238
9	239
9	240
9	243
9	244
9	245
9	246
9	247
9	248
9	250
9	251
9	252
9	254
9	255
9	256
9	257
9	258
9	259
9	260
9	261
9	262
9	263
9	264
9	265
9	269
9	270
9	271
9	272
10	225
10	226
10	229
10	230
10	231
10	233
10	234
10	235
10	236
10	237
10	238
10	239
10	240
10	241
10	242
10	244
10	245
10	246
10	247
10	250
10	251
10	252
10	253
10	254
10	255
10	256
10	257
10	258
10	259
10	260
10	261
10	262
10	266
10	267
10	269
10	270
10	271
10	272
11	227
11	228
11	229
11	230
11	233
11	234
11	235
11	236
11	237
11	238
11	239
11	241
11	242
11	243
11	244
11	247
11	248
11	249
11	250
11	251
11	252
11	253
11	254
11	255
11	256
11	257
11	258
11	259
11	262
11	263
11	264
11	265
11	268
11	269
11	270
11	271
11	272
12	227
12	228
12	229
12	230
12	232
12	233
12	234
12	235
12	236
12	237
12	238
12	239
12	240
12	241
12	242
12	243
12	244
12	246
12	247
12	248
12	249
12	250
12	251
12	252
12	253
12	254
12	255
12	256
12	257
12	258
12	259
12	260
12	261
12	262
12	263
12	264
12	267
12	268
12	269
12	271
12	272
13	225
13	226
13	229
13	230
13	232
13	233
13	234
13	235
13	236
13	237
13	238
13	239
13	240
13	241
13	242
13	243
13	244
13	245
13	246
13	247
13	248
13	249
13	250
13	251
13	252
13	253
13	254
13	255
13	256
13	257
13	258
13	259
13	260
13	261
13	262
13	263
13	264
13	265
13	266
13	267
13	268
13	269
13	271
13	272
13	273
14	225
14	226
14	229
14	230
14	233
14	234
14	235
14	236
14	237
14	238
14	239
14	240
14	241
14	242
14	243
14	244
14	245
14	246
14	247
14	248
14	249
14	250
14	251
14	252
14	253
14	254
14	255
14	256
14	257
14	258
14	259
14	260
14	261
14	262
14	263
14	264
14	265
14	266
14	267
14	268
14	269
14	270
14	271
14	272
14	273
15	225
15	226
15	229
15	230
15	233
15	234
15	235
15	236
15	237
15	238
15	239
15	240
15	241
15	242
15	243
15	244
15	245
15	246
15	247
15	248
15	249
15	250
15	251
15	252
15	253
15	254
15	255
15	256
15	257
15	258
15	259
15	260
15	261
15	262
15	263
15	264
15	265
15	266
15	267
15	268
15	271
15	272
16	225
16	226
16	227
16	229
16	230
16	232
16	233
16	234
16	235
16	236
16	237
16	238
16	239
16	240
16	241
16	242
16	243
16	244
16	245
16	246
16	247
16	248
16	249
16	250
16	251
16	252
16	253
16	254
16	255
16	256
16	257
16	258
16	259
16	260
16	261
16	262
16	263
16	264
16	265
16	266
16	267
16	268
16	269
16	270
16	271
16	272
16	273
17	224
17	225
17	226
17	227
17	228
17	229
17	230
17	232
17	233
17	234
17	235
17	236
17	237
17	238
17	239
17	240
17	241
17	242
17	243
17	244
17	245
17	246
17	247
17	248
17	249
17	250
17	251
17	252
17	253
17	254
17	255
17	256
17	257
17	258
17	259
17	260
17	261
17	262
17	263
17	264
17	265
17	266
17	267
17	268
17	269
17	270
17	271
17	272
17	278
17	281
17	282
17	283
17	284
17	287
17	288
18	224
18	225
18	226
18	227
18	228
18	229
18	230
18	232
18	233
18	234
18	235
18	236
18	237
18	238
18	239
18	240
18	241
18	242
18	243
18	244
18	245
18	246
18	247
18	248
18	249
18	250
18	251
18	252
18	253
18	254
18	255
18	256
18	257
18	258
18	259
18	260
18	261
18	262
18	263
18	264
18	265
18	266
18	267
18	268
18	269
18	270
18	271
18	272
18	273
18	278
18	280
18	281
18	282
18	283
18	284
18	287
18	288
19	225
19	227
19	228
19	229
19	230
19	231
19	232
19	233
19	234
19	235
19	236
19	237
19	238
19	239
19	240
19	241
19	242
19	243
19	244
19	245
19	246
19	247
19	248
19	249
19	250
19	251
19	252
19	253
19	254
19	255
19	256
19	257
19	258
19	259
19	260
19	261
19	262
19	263
19	264
19	265
19	266
19	267
19	268
19	269
19	270
19	271
19	272
19	273
19	274
19	275
19	276
19	279
19	283
19	284
19	287
19	288
20	225
20	226
20	227
20	228
20	229
20	230
20	231
20	232
20	233
20	234
20	235
20	236
20	237
20	238
20	239
20	240
20	241
20	242
20	243
20	244
20	245
20	246
20	247
20	248
20	249
20	250
20	251
20	252
20	254
20	255
20	256
20	257
20	258
20	259
20	260
20	261
20	262
20	263
20	264
20	265
20	266
20	267
20	268
20	269
20	270
20	271
20	272
20	273
20	274
20	275
20	276
20	279
20	283
20	284
20	287
20	288
21	225
21	227
21	228
21	229
21	230
21	231
21	232
21	233
21	234
21	235
21	236
21	237
21	238
21	239
21	240
21	241
21	242
21	243
21	244
21	245
21	246
21	247
21	248
21	249
21	250
21	251
21	252
21	253
21	257
21	258
21	259
21	260
21	261
21	262
21	263
21	264
21	265
21	266
21	267
21	268
21	269
21	270
21	271
21	272
21	273
21	274
21	275
21	276
21	277
21	279
21	280
22	225
22	226
22	227
22	228
22	229
22	230
22	231
22	232
22	233
22	234
22	235
22	236
22	237
22	238
22	239
22	240
22	241
22	245
22	246
22	247
22	248
22	249
22	250
22	251
22	252
22	253
22	254
22	255
22	256
22	257
22	258
22	259
22	260
22	261
22	262
22	263
22	264
22	265
22	266
22	267
22	268
22	269
22	270
22	271
22	272
22	273
22	274
22	275
22	276
22	277
22	279
22	280
23	224
23	225
23	226
23	227
23	228
23	229
23	230
23	231
23	232
23	233
23	234
23	235
23	236
23	237
23	238
23	239
23	240
23	241
23	242
23	243
23	244
23	245
23	249
23	250
23	251
23	252
23	253
23	254
23	255
23	256
23	257
23	258
23	259
23	260
23	261
23	262
23	263
23	264
23	265
23	266
23	267
23	268
23	269
23	270
23	271
23	272
23	273
23	274
23	275
23	276
23	277
23	279
23	280
23	281
23	282
24	224
24	225
24	226
24	227
24	228
24	229
24	230
24	231
24	232
24	233
24	234
24	235
24	236
24	237
24	238
24	241
24	242
24	243
24	244
24	245
24	246
24	247
24	251
24	252
24	253
24	254
24	255
24	257
24	258
24	259
24	260
24	261
24	262
24	263
24	265
24	266
24	267
24	268
24	269
24	270
24	271
24	272
24	273
24	274
24	275
24	276
24	277
24	278
24	279
24	280
24	281
24	282
25	225
25	226
25	228
25	229
25	230
25	231
25	232
25	233
25	234
25	235
25	236
25	237
25	238
25	239
25	240
25	241
25	242
25	243
25	244
25	245
25	246
25	247
25	248
25	249
25	250
25	251
25	256
25	257
25	258
25	259
25	260
25	261
25	262
25	263
25	264
25	265
25	266
25	267
25	268
25	269
25	270
25	271
25	272
25	273
25	274
25	275
25	276
25	277
25	278
25	279
25	280
25	281
25	282
26	225
26	226
26	228
26	229
26	230
26	231
26	232
26	233
26	234
26	235
26	237
26	238
26	239
26	240
26	241
26	242
26	243
26	245
26	246
26	247
26	248
26	249
26	250
26	251
26	252
26	256
26	258
26	259
26	260
26	261
26	262
26	263
26	264
26	265
26	266
26	267
26	268
26	269
26	270
26	271
26	272
26	273
26	274
26	275
26	276
26	278
26	279
26	280
26	281
26	282
27	225
27	226
27	227
27	228
27	229
27	230
27	231
27	232
27	233
27	234
27	235
27	236
27	237
27	239
27	240
27	245
27	246
27	247
27	248
27	249
27	250
27	251
27	252
27	253
27	254
27	255
27	256
27	257
27	258
27	259
27	260
27	261
27	262
27	264
27	265
27	266
27	268
27	269
27	270
27	271
27	272
27	273
27	274
27	275
27	276
27	277
27	279
27	280
28	225
28	226
28	227
28	228
28	229
28	230
28	231
28	232
28	233
28	234
28	235
28	236
28	237
28	239
28	240
28	242
28	247
28	248
28	249
28	250
28	251
28	252
28	253
28	254
28	256
28	257
28	258
28	259
28	260
28	261
28	262
28	263
28	264
28	265
28	266
28	267
28	268
28	269
28	270
28	271
28	272
28	273
28	274
28	275
28	276
28	279
28	280
29	225
29	226
29	227
29	228
29	229
29	230
29	231
29	232
29	233
29	234
29	235
29	236
29	237
29	238
29	239
29	240
29	241
29	242
29	243
29	244
29	245
29	246
29	257
29	258
29	259
29	260
29	261
29	262
29	263
29	265
29	266
29	267
29	268
29	269
29	270
29	271
29	272
29	276
29	277
29	278
29	280
29	281
29	282
29	283
29	284
29	287
29	288
30	225
30	226
30	227
30	228
30	229
30	230
30	231
30	232
30	234
30	235
30	236
30	237
30	239
30	240
30	241
30	242
30	243
30	244
30	245
30	246
30	247
30	248
30	257
30	258
30	259
30	261
30	262
30	263
30	266
30	267
30	268
30	269
30	271
30	272
30	273
30	274
30	275
30	276
30	277
30	278
30	280
30	281
30	282
30	283
30	284
30	287
30	288
31	225
31	226
31	227
31	228
31	229
31	230
31	231
31	232
31	233
31	234
31	235
31	236
31	237
31	240
31	241
31	242
31	243
31	244
31	245
31	249
31	250
31	251
31	252
31	260
31	261
31	262
31	263
31	264
31	266
31	269
31	270
31	271
31	272
31	273
31	274
31	275
31	276
31	277
31	278
31	281
31	282
31	283
31	284
31	287
31	288
32	225
32	226
32	227
32	228
32	229
32	230
32	232
32	233
32	234
32	236
32	237
32	238
32	239
32	240
32	241
32	242
32	243
32	244
32	245
32	246
32	251
32	252
32	253
32	254
32	255
32	256
32	257
32	258
32	259
32	260
32	261
32	262
32	263
32	264
32	269
32	270
32	271
32	272
32	274
32	275
32	276
32	277
32	278
32	279
32	280
32	281
32	282
32	283
32	284
32	286
32	287
32	288
33	228
33	229
33	230
33	232
33	233
33	234
33	235
33	236
33	237
33	238
33	239
33	240
33	241
33	242
33	243
33	244
33	245
33	246
33	247
33	249
33	250
33	252
33	253
33	254
33	257
33	258
33	260
33	261
33	262
33	263
33	264
33	265
33	266
33	267
33	268
33	269
33	270
33	271
33	272
33	274
33	275
33	276
33	277
33	278
33	279
33	280
33	281
33	282
33	283
33	284
33	286
33	287
33	288
34	228
34	229
34	230
34	232
34	233
34	234
34	235
34	236
34	237
34	238
34	239
34	240
34	241
34	242
34	243
34	244
34	245
34	246
34	249
34	250
34	252
34	253
34	254
34	257
34	258
34	259
34	260
34	261
34	262
34	263
34	264
34	265
34	266
34	267
34	268
34	269
34	270
34	273
34	275
34	276
34	277
34	278
34	279
34	280
34	281
34	282
34	283
34	284
34	285
34	286
34	287
34	288
35	225
35	226
35	227
35	228
35	230
35	233
35	234
35	235
35	236
35	237
35	238
35	239
35	240
35	241
35	242
35	243
35	244
35	246
35	247
35	248
35	249
35	250
35	252
35	257
35	258
35	260
35	261
35	262
35	263
35	264
35	265
35	266
35	269
35	272
35	273
35	274
35	275
35	276
35	277
35	278
35	280
35	281
35	282
35	285
36	225
36	226
36	227
36	228
36	229
36	231
36	232
36	233
36	234
36	235
36	236
36	237
36	238
36	239
36	240
36	241
36	242
36	243
36	244
36	245
36	247
36	249
36	250
36	252
36	257
36	258
36	260
36	261
36	262
36	263
36	264
36	265
36	266
36	268
36	269
36	270
36	271
36	272
36	273
36	274
36	275
36	276
36	277
36	278
36	279
36	280
36	281
36	282
36	285
36	286
36	287
36	288
37	226
37	227
37	228
37	229
37	230
37	232
37	233
37	234
37	235
37	236
37	237
37	238
37	239
37	240
37	241
37	242
37	243
37	244
37	245
37	246
37	247
37	248
37	249
37	250
37	252
37	254
37	259
37	260
37	261
37	262
37	263
37	264
37	265
37	266
37	267
37	268
37	269
37	270
37	271
37	272
37	273
37	274
37	275
37	276
37	277
37	278
37	280
37	281
37	282
37	284
37	285
37	286
37	287
38	228
38	229
38	230
38	233
38	234
38	235
38	236
38	237
38	238
38	239
38	240
38	241
38	242
38	243
38	244
38	245
38	246
38	249
38	251
38	253
38	254
38	258
38	259
38	260
38	261
38	262
38	263
38	264
38	265
38	266
38	267
38	268
38	269
38	270
38	271
38	272
38	273
38	274
38	280
38	284
38	285
38	286
38	288
39	225
39	226
39	227
39	229
39	230
39	231
39	232
39	233
39	234
39	235
39	236
39	237
39	238
39	239
39	240
39	241
39	242
39	243
39	244
39	245
39	246
39	247
39	248
39	251
39	253
39	254
39	255
39	258
39	259
39	260
39	261
39	262
39	263
39	264
39	265
39	266
39	267
39	268
39	269
39	270
39	271
39	272
39	273
39	274
39	275
39	276
39	277
39	278
39	279
39	280
39	281
39	285
39	286
39	287
39	288
39	289
40	225
40	226
40	227
40	228
40	229
40	230
40	231
40	232
40	233
40	234
40	235
40	236
40	237
40	238
40	239
40	240
40	241
40	242
40	243
40	244
40	245
40	246
40	248
40	250
40	251
40	253
40	254
40	255
40	256
40	257
40	258
40	259
40	260
40	261
40	262
40	263
40	264
40	265
40	266
40	267
40	268
40	269
40	270
40	271
40	272
40	273
40	274
40	275
40	276
40	277
40	278
40	279
40	280
40	281
40	282
40	285
40	286
40	287
40	288
40	289
41	225
41	226
41	227
41	228
41	229
41	230
41	231
41	232
41	233
41	234
41	235
41	236
41	237
41	238
41	239
41	240
41	241
41	242
41	243
41	244
41	245
41	246
41	248
41	250
41	253
41	254
41	255
41	256
41	257
41	258
41	259
41	260
41	261
41	262
41	263
41	264
41	265
41	266
41	267
41	268
41	269
41	270
41	271
41	272
41	273
41	274
41	275
41	276
41	277
41	278
41	279
41	280
41	281
41	283
41	284
41	285
41	286
41	287
41	288
42	225
42	226
42	228
42	229
42	230
42	231
42	232
42	233
42	234
42	235
42	236
42	237
42	238
42	239
42	240
42	241
42	242
42	243
42	244
42	245
42	246
42	249
42	250
42	253
42	255
42	256
42	257
42	258
42	259
42	260
42	261
42	262
42	263
42	264
42	265
42	266
42	267
42	268
42	269
42	270
42	271
42	272
42	273
42	274
42	275
42	278
42	280
42	283
42	284
42	285
42	286
42	287
42	288
43	225
43	226
43	227
43	228
43	229
43	230
43	231
43	232
43	233
43	234
43	235
43	236
43	237
43	238
43	239
43	240
43	241
43	242
43	243
43	244
43	245
43	246
43	249
43	250
43	252
43	255
43	256
43	257
43	258
43	259
43	260
43	261
43	262
43	263
43	264
43	265
43	266
43	267
43	268
43	269
43	270
43	271
43	272
43	273
43	274
43	275
43	276
43	277
43	278
43	279
43	280
43	281
43	282
43	283
43	284
43	285
43	286
43	287
43	288
44	225
44	226
44	227
44	228
44	229
44	230
44	231
44	232
44	233
44	234
44	235
44	236
44	237
44	238
44	239
44	240
44	241
44	242
44	243
44	244
44	245
44	248
44	249
44	250
44	251
44	252
44	255
44	256
44	257
44	258
44	259
44	260
44	261
44	262
44	263
44	264
44	265
44	266
44	267
44	268
44	269
44	270
44	271
44	272
44	273
44	275
44	276
44	277
44	278
44	279
44	280
44	281
44	282
44	283
44	284
44	286
44	287
44	288
45	225
45	226
45	227
45	228
45	229
45	231
45	232
45	233
45	234
45	235
45	236
45	237
45	238
45	239
45	240
45	241
45	242
45	243
45	244
45	245
45	248
45	249
45	250
45	251
45	252
45	253
45	254
45	255
45	256
45	257
45	258
45	259
45	260
45	261
45	262
45	263
45	264
45	265
45	266
45	267
45	268
45	269
45	270
45	271
45	272
45	273
45	274
45	275
45	276
45	277
45	278
45	279
45	280
45	281
45	283
45	284
45	286
45	287
45	288
46	225
46	226
46	227
46	228
46	229
46	230
46	231
46	232
46	233
46	234
46	235
46	236
46	237
46	238
46	239
46	240
46	241
46	242
46	243
46	244
46	245
46	246
46	247
46	248
46	249
46	250
46	251
46	252
46	253
46	254
46	255
46	257
46	258
46	259
46	260
46	261
46	262
46	263
46	264
46	265
46	266
46	267
46	268
46	269
46	270
46	271
46	272
46	273
46	274
46	275
46	276
46	277
46	278
46	279
46	280
46	281
46	283
46	284
46	285
46	286
46	288
47	225
47	226
47	227
47	228
47	229
47	230
47	231
47	232
47	233
47	234
47	235
47	237
47	238
47	239
47	240
47	241
47	242
47	243
47	244
47	245
47	246
47	247
47	248
47	249
47	250
47	251
47	252
47	253
47	254
47	255
47	257
47	258
47	259
47	260
47	261
47	262
47	263
47	264
47	265
47	266
47	267
47	268
47	269
47	270
47	271
47	272
47	273
47	274
47	275
47	276
47	277
47	278
47	279
47	280
47	281
47	283
47	284
47	285
47	286
47	287
47	288
47	289
48	225
48	226
48	228
48	229
48	230
48	231
48	232
48	233
48	234
48	235
48	236
48	237
48	238
48	239
48	240
48	241
48	242
48	243
48	244
48	245
48	247
48	248
48	249
48	250
48	251
48	252
48	253
48	254
48	255
48	256
48	257
48	258
48	259
48	260
48	261
48	262
48	263
48	264
48	265
48	266
48	267
48	268
48	269
48	270
48	271
48	272
48	273
48	274
48	275
48	276
48	277
48	278
48	279
48	280
48	281
48	282
48	283
48	284
48	285
48	286
48	287
48	288
48	289
49	225
49	228
49	229
49	230
49	231
49	232
49	233
49	234
49	235
49	236
49	237
49	238
49	239
49	240
49	241
49	242
49	243
49	244
49	245
49	246
49	247
49	248
49	249
49	250
49	251
49	252
49	253
49	254
49	255
49	256
49	258
49	259
49	260
49	261
49	262
49	263
49	264
49	265
49	266
49	267
49	268
49	269
49	270
49	272
49	273
49	274
49	275
49	276
49	277
49	278
49	279
49	280
49	281
49	282
49	284
49	285
49	287
49	288
49	289
50	226
50	227
50	228
50	229
50	230
50	231
50	232
50	233
50	234
50	235
50	236
50	237
50	238
50	239
50	240
50	241
50	242
50	243
50	244
50	245
50	246
50	247
50	248
50	249
50	250
50	251
50	252
50	254
50	255
50	256
50	257
50	258
50	259
50	260
50	261
50	262
50	263
50	264
50	265
50	266
50	267
50	268
50	269
50	270
50	271
50	272
50	273
50	274
50	275
50	276
50	277
50	278
50	279
50	280
50	281
50	282
50	284
50	285
50	286
50	287
50	288
50	289
51	225
51	226
51	227
51	228
51	229
51	230
51	231
51	232
51	233
51	234
51	235
51	236
51	237
51	238
51	239
51	240
51	241
51	242
51	243
51	244
51	245
51	246
51	247
51	248
51	249
51	250
51	251
51	253
51	254
51	255
51	256
51	259
51	260
51	261
51	262
51	263
51	264
51	265
51	266
51	267
51	268
51	269
51	270
51	271
51	272
51	274
51	275
51	276
51	277
51	278
51	279
51	280
51	281
51	282
51	283
51	284
51	285
51	286
51	287
52	225
52	226
52	227
52	228
52	229
52	230
52	231
52	232
52	233
52	234
52	235
52	236
52	237
52	238
52	239
52	240
52	241
52	242
52	243
52	244
52	245
52	246
52	247
52	248
52	249
52	250
52	251
52	252
52	253
52	255
52	256
52	257
52	259
52	260
52	261
52	262
52	263
52	264
52	265
52	266
52	267
52	268
52	269
52	270
52	271
52	272
52	273
52	274
52	275
52	276
52	277
52	278
52	279
52	280
52	281
52	283
52	284
52	285
52	287
52	288
53	225
53	226
53	227
53	228
53	229
53	230
53	231
53	232
53	233
53	234
53	235
53	236
53	237
53	238
53	239
53	240
53	241
53	242
53	243
53	244
53	245
53	246
53	251
53	252
53	253
53	254
53	255
53	256
53	257
53	259
53	260
53	261
53	262
53	263
53	264
53	265
53	266
53	267
53	268
53	269
53	270
53	271
53	272
53	273
53	274
53	275
53	276
53	277
53	278
53	279
53	280
53	281
53	282
53	283
53	284
53	285
53	286
53	287
53	288
54	225
54	226
54	227
54	228
54	229
54	230
54	231
54	232
54	233
54	234
54	235
54	236
54	237
54	238
54	239
54	240
54	241
54	242
54	243
54	244
54	245
54	246
54	250
54	251
54	252
54	253
54	254
54	255
54	256
54	257
54	259
54	260
54	261
54	262
54	263
54	264
54	265
54	266
54	267
54	268
54	271
54	272
54	273
54	274
54	275
54	276
54	277
54	278
54	279
54	280
54	281
54	282
54	283
54	284
54	285
54	286
54	287
54	288
54	289
55	225
55	227
55	228
55	229
55	230
55	231
55	232
55	233
55	234
55	235
55	236
55	237
55	238
55	239
55	240
55	241
55	242
55	243
55	244
55	245
55	246
55	247
55	249
55	250
55	251
55	252
55	253
55	255
55	256
55	257
55	259
55	260
55	261
55	262
55	263
55	264
55	265
55	266
55	267
55	268
55	274
55	275
55	276
55	277
55	278
55	279
55	280
55	283
55	284
55	285
55	288
56	226
56	227
56	228
56	229
56	230
56	231
56	232
56	233
56	234
56	235
56	236
56	237
56	238
56	239
56	240
56	241
56	242
56	243
56	244
56	245
56	246
56	248
56	249
56	251
56	252
56	253
56	254
56	255
56	256
56	257
56	258
56	259
56	260
56	261
56	262
56	263
56	264
56	265
56	266
56	267
56	268
56	270
56	273
56	274
56	275
56	276
56	277
56	278
56	279
56	280
56	281
56	282
56	288
57	226
57	227
57	228
57	229
57	230
57	231
57	232
57	233
57	234
57	235
57	236
57	237
57	238
57	239
57	240
57	241
57	242
57	243
57	244
57	245
57	246
57	248
57	251
57	252
57	253
57	254
57	256
57	257
57	259
57	260
57	261
57	262
57	263
57	264
57	265
57	266
57	267
57	268
57	269
57	270
57	271
57	273
57	274
57	275
57	276
57	277
57	278
57	279
57	281
57	282
57	284
57	285
57	286
57	287
57	288
57	289
58	225
58	227
58	228
58	230
58	231
58	232
58	233
58	234
58	235
58	236
58	237
58	238
58	239
58	240
58	241
58	242
58	243
58	244
58	245
58	246
58	247
58	248
58	251
58	252
58	253
58	254
58	255
58	256
58	257
58	258
58	259
58	260
58	261
58	262
58	263
58	264
58	265
58	266
58	267
58	269
58	270
58	272
58	273
58	274
58	275
58	276
58	278
58	279
58	281
58	282
58	284
58	285
58	286
58	287
58	288
58	289
59	224
59	225
59	226
59	227
59	228
59	229
59	230
59	231
59	232
59	233
59	234
59	235
59	236
59	237
59	238
59	239
59	240
59	241
59	242
59	243
59	244
59	245
59	246
59	247
59	248
59	249
59	250
59	251
59	252
59	253
59	254
59	255
59	256
59	257
59	258
59	259
59	260
59	261
59	262
59	263
59	264
59	265
59	266
59	267
59	269
59	270
59	272
59	273
59	274
59	275
59	276
59	277
59	278
59	281
59	282
59	283
59	285
59	287
59	288
59	289
60	225
60	226
60	227
60	228
60	229
60	231
60	232
60	233
60	234
60	235
60	236
60	237
60	238
60	239
60	240
60	241
60	242
60	243
60	244
60	245
60	246
60	247
60	249
60	250
60	251
60	252
60	253
60	254
60	255
60	256
60	257
60	258
60	259
60	260
60	261
60	262
60	263
60	264
60	265
60	266
60	267
60	269
60	271
60	272
60	273
60	274
60	275
60	276
60	277
60	278
60	279
60	281
60	282
60	283
60	284
60	285
60	287
60	288
60	289
61	225
61	226
61	227
61	228
61	229
61	230
61	231
61	232
61	233
61	234
61	235
61	236
61	237
61	238
61	239
61	240
61	241
61	242
61	243
61	244
61	245
61	246
61	247
61	248
61	249
61	250
61	252
61	253
61	254
61	255
61	256
61	257
61	258
61	259
61	260
61	261
61	262
61	263
61	264
61	265
61	266
61	267
61	268
61	271
61	272
61	273
61	274
61	275
61	276
61	277
61	278
61	279
61	281
61	282
61	285
61	286
61	287
61	288
62	224
62	225
62	226
62	227
62	228
62	229
62	230
62	232
62	233
62	234
62	235
62	236
62	237
62	238
62	239
62	240
62	241
62	242
62	243
62	244
62	245
62	246
62	247
62	248
62	249
62	250
62	252
62	253
62	254
62	255
62	256
62	257
62	258
62	259
62	260
62	261
62	262
62	263
62	264
62	265
62	266
62	267
62	268
62	271
62	272
62	274
62	275
62	276
62	277
62	278
62	279
62	280
63	224
63	225
63	226
63	228
63	229
63	230
63	231
63	232
63	233
63	234
63	235
63	236
63	237
63	238
63	239
63	240
63	241
63	242
63	243
63	244
63	246
63	247
63	248
63	249
63	250
63	252
63	253
63	254
63	255
63	258
63	259
63	260
63	261
63	262
63	263
63	264
63	265
63	266
63	267
63	268
63	270
63	271
63	272
63	273
63	274
63	275
63	276
63	277
63	278
63	279
63	280
63	281
63	282
63	287
63	288
64	224
64	225
64	226
64	227
64	228
64	229
64	230
64	231
64	232
64	233
64	234
64	235
64	236
64	237
64	238
64	239
64	240
64	242
64	243
64	244
64	245
64	246
64	247
64	248
64	249
64	250
64	252
64	253
64	254
64	255
64	257
64	258
64	259
64	260
64	261
64	262
64	263
64	264
64	265
64	266
64	267
64	268
64	271
64	272
64	273
64	274
64	275
64	276
64	277
64	279
64	280
64	281
64	282
64	287
64	288
65	225
65	226
65	231
65	232
65	241
65	242
65	243
65	244
65	245
65	247
65	248
65	249
65	250
65	251
65	252
65	253
65	255
65	256
65	257
65	258
65	259
65	260
65	261
65	262
65	263
65	264
65	265
65	266
65	267
65	268
65	269
65	270
65	271
65	272
65	275
65	276
65	281
66	241
66	242
66	243
66	244
66	245
66	246
66	247
66	248
66	249
66	250
66	251
66	252
66	253
66	254
66	255
66	256
66	257
66	258
66	259
66	260
66	261
66	262
66	263
66	264
66	265
66	266
66	267
66	268
66	269
66	270
66	271
66	272
67	241
67	242
67	243
67	244
67	245
67	246
67	248
67	249
67	250
67	251
67	252
67	253
67	254
67	255
67	256
67	257
67	258
67	259
67	260
67	261
67	262
67	263
67	264
67	265
67	266
67	267
67	268
67	269
67	270
67	272
68	244
68	245
68	246
68	247
68	248
68	251
68	252
68	253
68	258
68	259
68	260
68	261
68	262
68	263
68	264
68	265
68	266
68	267
68	268
68	269
68	270
68	271
68	272
68	273
69	241
69	242
69	244
69	245
69	246
69	247
69	248
69	249
69	251
69	252
69	253
69	254
69	255
69	256
69	257
69	258
69	259
69	260
69	261
69	262
69	263
69	264
69	265
69	266
69	267
69	268
69	269
69	270
69	271
69	272
69	273
70	241
70	242
70	244
70	245
70	247
70	248
70	249
70	250
70	252
70	253
70	254
70	255
70	256
70	257
70	258
70	259
70	260
70	261
70	262
70	263
70	264
70	265
70	266
70	267
70	268
70	269
70	270
70	271
70	272
70	273
71	241
71	242
71	244
71	249
71	250
71	251
71	253
71	254
71	255
71	256
71	257
71	258
71	259
71	260
71	261
71	262
71	263
71	264
71	265
71	267
71	269
71	270
71	271
71	272
72	241
72	242
72	244
72	247
72	248
72	249
72	250
72	251
72	252
72	253
72	254
72	255
72	256
72	257
72	258
72	259
72	260
72	261
72	262
72	263
72	264
72	265
72	266
72	267
72	268
72	269
72	270
72	271
73	246
73	247
73	248
73	250
73	251
73	252
73	253
73	254
73	255
73	256
73	257
73	258
73	259
73	260
73	261
73	262
73	263
73	264
73	265
73	266
73	267
73	268
73	269
73	270
73	272
74	246
74	247
74	248
74	250
74	251
74	252
74	253
74	254
74	255
74	256
74	257
74	258
74	259
74	260
74	261
74	262
74	263
74	265
74	266
74	267
74	268
74	271
74	272
75	241
75	247
75	248
75	250
75	251
75	253
75	254
75	255
75	256
75	257
75	258
75	259
75	260
75	261
75	262
75	263
75	264
75	266
75	267
75	269
75	270
75	271
75	272
76	241
76	243
76	244
76	245
76	246
76	249
76	250
76	251
76	253
76	254
76	255
76	256
76	257
76	258
76	259
76	260
76	261
76	262
76	263
76	264
76	265
76	267
76	269
76	270
76	271
76	272
77	241
77	243
77	244
77	245
77	246
77	247
77	248
77	249
77	250
77	251
77	252
77	253
77	254
77	255
77	256
77	257
77	258
77	259
77	260
77	261
77	262
77	263
77	264
77	265
77	266
77	269
77	270
78	241
78	242
78	243
78	245
78	246
78	247
78	248
78	249
78	250
78	251
78	252
78	253
78	254
78	255
78	256
78	257
78	258
78	259
78	260
78	261
78	262
78	263
78	265
78	266
78	267
78	269
78	270
78	272
79	240
79	241
79	242
79	243
79	244
79	245
79	246
79	247
79	248
79	249
79	251
79	252
79	253
79	254
79	255
79	256
79	257
79	258
79	259
79	260
79	261
79	262
79	263
79	264
79	265
79	267
79	268
79	269
79	270
79	271
79	272
80	240
80	241
80	242
80	243
80	244
80	245
80	246
80	247
80	248
80	249
80	251
80	252
80	253
80	254
80	255
80	256
80	257
80	258
80	259
80	260
80	261
80	262
80	263
80	264
80	266
80	267
80	268
80	269
80	270
80	271
80	272
80	273
81	241
81	242
81	245
81	248
81	254
81	255
81	256
81	257
81	258
81	259
81	260
81	261
81	263
81	265
81	266
81	267
81	268
81	269
81	270
81	271
81	272
81	273
82	256
82	257
82	258
82	259
82	260
82	261
82	263
82	264
82	266
82	267
82	268
82	269
82	270
82	271
82	272
82	273
83	257
83	258
83	259
83	260
83	261
83	263
83	264
83	265
83	266
83	269
83	270
83	271
83	272
84	257
84	258
84	259
84	260
84	261
84	262
84	263
84	264
84	265
84	266
84	269
84	270
85	257
85	258
85	259
85	260
85	261
85	262
85	263
85	264
85	265
85	266
85	269
85	270
85	271
85	272
86	256
86	257
86	258
86	259
86	260
86	261
86	262
86	263
86	264
86	265
86	266
86	268
86	269
86	270
86	271
86	272
86	273
87	256
87	257
87	258
87	259
87	260
87	261
87	262
87	264
87	265
87	266
87	267
87	268
87	269
87	270
87	271
87	272
87	273
88	256
88	257
88	258
88	259
88	260
88	261
88	263
88	264
88	265
88	267
88	268
88	269
88	270
88	271
88	272
88	273
89	256
89	257
89	258
89	260
89	262
89	263
89	264
89	265
89	267
89	268
89	269
89	270
89	272
90	257
90	258
90	260
90	261
90	263
90	264
90	265
90	266
90	271
90	272
91	257
91	258
91	259
91	260
91	261
91	262
91	263
91	264
91	265
91	266
91	267
91	268
91	269
91	270
91	271
91	272
92	257
92	258
92	259
92	260
92	261
92	262
92	263
92	264
92	265
92	266
92	267
92	268
92	269
92	270
92	271
92	272
93	257
93	258
93	259
93	260
93	261
93	262
93	263
93	264
93	265
93	266
93	267
93	268
93	269
93	270
93	272
94	257
94	258
94	259
94	260
94	261
94	262
94	263
94	264
94	265
94	266
94	267
94	269
94	270
94	271
95	257
95	258
95	259
95	260
95	261
95	262
95	263
95	264
95	265
95	266
95	267
95	268
95	269
95	270
95	271
95	272
96	257
96	259
96	260
96	261
96	262
96	263
96	264
96	265
96	266
96	267
96	268
96	269
96	270
96	271
96	272
97	257
97	258
97	259
97	260
97	261
97	262
97	263
97	264
97	265
97	266
97	267
97	268
97	269
97	272
98	257
98	258
98	259
98	260
98	261
98	262
98	263
98	264
98	265
98	266
98	267
98	268
98	271
99	257
99	259
99	260
99	261
99	262
99	263
99	264
99	265
99	266
99	267
99	268
99	269
99	270
100	258
100	259
100	260
100	261
100	262
100	263
100	264
100	265
100	266
100	267
100	268
100	269
100	270
101	258
101	259
101	260
101	261
101	262
101	263
101	264
101	265
101	266
101	267
101	268
101	269
101	270
101	272
102	259
102	260
102	261
102	262
102	263
102	264
102	265
102	266
102	267
102	268
102	269
102	270
102	271
102	272
103	257
103	259
103	260
103	261
103	262
103	263
103	264
103	265
103	266
103	267
103	268
103	269
103	270
103	271
103	272
104	257
104	260
104	261
104	262
104	263
104	264
104	265
104	266
104	267
104	268
104	269
104	270
104	271
104	272
105	257
105	258
105	259
105	260
105	261
105	262
105	263
105	264
105	265
105	266
105	267
105	268
105	269
105	270
105	271
105	272
106	257
106	258
106	259
106	260
106	261
106	262
106	263
106	264
106	265
106	266
106	267
106	268
106	269
106	270
106	271
106	272
107	257
107	258
107	259
107	260
107	261
107	262
107	263
107	264
107	265
107	266
107	267
107	268
107	269
107	270
107	271
107	272
108	257
108	258
108	259
108	260
108	261
108	262
108	263
108	264
108	265
108	266
108	267
108	268
108	269
108	270
108	271
109	258
109	259
109	260
109	261
109	262
109	263
109	264
109	265
109	266
109	267
109	268
109	269
109	270
109	271
110	261
110	262
110	263
110	264
110	265
110	266
110	267
110	268
110	269
110	271
110	272
111	257
111	261
111	262
111	263
111	264
111	265
111	266
111	267
111	268
111	269
111	271
111	272
112	257
112	258
112	260
112	261
112	262
112	263
112	264
112	265
112	266
112	267
112	268
112	269
112	271
112	272
113	257
113	258
113	259
113	260
113	261
113	262
113	263
113	264
113	265
113	266
113	267
113	268
113	269
113	270
113	272
114	258
114	259
114	260
114	261
114	262
114	263
114	264
114	265
114	266
114	267
114	268
114	269
114	270
114	271
114	272
115	257
115	258
115	259
115	260
115	262
115	263
115	264
115	265
115	266
115	267
115	268
115	269
115	270
115	271
115	272
115	273
116	257
116	258
116	259
116	260
116	262
116	263
116	264
116	265
116	266
116	267
116	268
116	269
116	270
116	271
116	272
117	256
117	257
117	258
117	260
117	262
117	263
117	264
117	265
117	266
117	267
117	268
117	269
117	270
117	271
117	272
117	273
118	256
118	257
118	258
118	259
118	260
118	261
118	263
118	264
118	265
118	266
118	267
118	268
118	269
118	270
118	271
118	272
118	273
119	257
119	258
119	259
119	260
119	261
119	263
119	264
119	265
119	266
119	267
119	268
119	271
119	272
119	273
120	257
120	259
120	262
120	263
120	264
120	265
120	266
120	267
120	268
120	269
120	272
121	258
121	259
121	260
121	261
121	264
121	265
121	266
121	267
121	268
121	270
121	271
121	272
122	258
122	259
122	260
122	261
122	262
122	264
122	265
122	266
122	267
122	268
122	269
122	270
122	271
122	272
122	273
123	259
123	260
123	261
123	262
123	263
123	264
123	265
123	266
123	267
123	268
123	269
123	270
123	271
123	272
124	259
124	260
124	261
124	262
124	263
124	264
124	265
124	266
124	267
124	268
124	269
124	270
125	259
125	260
125	261
125	262
125	263
125	264
125	265
125	266
125	267
125	268
125	269
125	270
125	272
126	259
126	260
126	261
126	262
126	263
126	264
126	265
126	267
126	268
126	269
126	270
126	271
127	257
127	259
127	260
127	261
127	262
127	263
127	264
127	265
127	266
127	267
127	268
127	269
127	270
127	271
127	272
127	273
128	257
128	258
128	259
128	260
128	261
128	262
128	263
128	264
128	265
128	266
128	267
128	268
128	269
128	270
128	271
128	272
128	273
129	262
129	265
129	266
129	267
129	268
129	271
129	272
160	384
160	385
160	418
160	426
160	428
160	429
160	430
160	431
160	432
160	433
160	434
160	435
160	436
160	437
160	438
160	439
160	440
160	441
160	442
160	443
160	444
160	445
160	446
161	371
161	372
161	373
161	374
161	375
161	376
161	377
161	378
161	381
161	382
161	383
161	384
161	385
161	386
161	387
161	388
161	389
161	390
161	391
161	392
161	393
161	394
161	395
161	396
161	397
161	398
161	399
161	400
161	401
161	402
161	403
161	404
161	405
161	406
161	407
161	408
161	409
161	410
161	411
161	413
161	414
161	415
161	416
161	417
161	418
161	419
161	420
161	422
161	423
161	424
161	425
161	426
161	427
161	428
161	429
161	430
161	431
161	432
161	433
161	434
161	435
161	436
161	437
161	438
161	439
161	440
161	441
161	442
161	443
161	444
161	445
161	446
161	447
161	448
162	371
162	372
162	373
162	374
162	377
162	378
162	381
162	382
162	383
162	384
162	385
162	386
162	387
162	388
162	389
162	390
162	391
162	392
162	393
162	395
162	396
162	399
162	400
162	401
162	402
162	403
162	405
162	406
162	407
162	408
162	409
162	410
162	411
162	414
162	415
162	416
162	417
162	418
162	420
162	421
162	422
162	423
162	424
162	425
162	426
162	427
162	428
162	429
162	430
162	431
162	432
162	433
162	434
162	435
162	436
162	437
162	438
162	439
162	440
162	441
162	442
162	443
162	444
162	445
162	446
163	369
163	370
163	371
163	372
163	373
163	375
163	376
163	377
163	378
163	379
163	381
163	382
163	383
163	384
163	385
163	388
163	389
163	390
163	393
163	394
163	395
163	396
163	397
163	398
163	399
163	400
163	401
163	402
163	403
163	404
163	405
163	406
163	407
163	408
163	414
163	415
163	416
163	417
163	419
163	420
163	421
163	422
163	423
163	424
163	425
163	426
163	427
163	428
163	429
163	430
163	431
163	432
163	433
163	434
163	435
163	436
163	437
163	438
163	439
163	440
163	441
163	442
163	443
163	444
163	445
163	446
163	447
163	448
164	369
164	370
164	371
164	373
164	375
164	376
164	377
164	378
164	379
164	380
164	382
164	383
164	384
164	385
164	389
164	393
164	394
164	395
164	396
164	397
164	398
164	399
164	400
164	401
164	402
164	403
164	404
164	406
164	410
164	411
164	412
164	413
164	414
164	415
164	416
164	417
164	418
164	419
164	420
164	421
164	422
164	423
164	424
164	425
164	426
164	427
164	428
164	429
164	430
164	431
164	432
164	433
164	434
164	435
164	436
164	437
164	438
164	439
164	440
164	441
164	442
164	443
164	444
164	445
164	446
164	447
164	448
165	368
165	369
165	370
165	372
165	373
165	375
165	376
165	377
165	378
165	379
165	380
165	381
165	382
165	383
165	384
165	385
165	386
165	387
165	388
165	390
165	391
165	392
165	393
165	394
165	395
165	396
165	398
165	399
165	400
165	401
165	402
165	403
165	406
165	407
165	408
165	409
165	410
165	411
165	412
165	413
165	414
165	415
165	416
165	417
165	418
165	419
165	420
165	421
165	422
165	423
165	424
165	425
165	426
165	427
165	428
165	429
165	430
165	431
165	432
165	433
165	434
165	435
165	436
165	437
165	438
165	439
165	440
165	441
165	442
165	443
165	444
165	445
165	446
165	447
165	448
166	368
166	369
166	370
166	372
166	373
166	374
166	375
166	376
166	377
166	378
166	379
166	380
166	381
166	382
166	383
166	384
166	385
166	389
166	390
166	391
166	392
166	393
166	395
166	396
166	397
166	398
166	399
166	400
166	401
166	402
166	403
166	404
166	405
166	406
166	407
166	408
166	409
166	410
166	411
166	412
166	413
166	414
166	415
166	416
166	417
166	418
166	419
166	420
166	421
166	422
166	423
166	424
166	425
166	426
166	427
166	428
166	429
166	430
166	431
166	432
166	433
166	434
166	435
166	436
166	437
166	438
166	439
166	440
166	441
166	442
166	443
166	444
166	445
166	446
166	447
166	448
167	369
167	371
167	372
167	373
167	374
167	377
167	378
167	379
167	380
167	381
167	382
167	383
167	384
167	385
167	386
167	387
167	388
167	389
167	390
167	391
167	392
167	393
167	394
167	395
167	396
167	397
167	398
167	399
167	400
167	401
167	402
167	403
167	404
167	405
167	406
167	407
167	408
167	409
167	410
167	411
167	412
167	413
167	414
167	415
167	416
167	417
167	418
167	419
167	420
167	421
167	422
167	423
167	424
167	425
167	426
167	427
167	428
167	429
167	430
167	431
167	432
167	433
167	434
167	435
167	436
167	437
167	438
167	439
167	440
167	441
167	442
167	443
167	444
167	446
168	371
168	372
168	373
168	374
168	375
168	376
168	377
168	378
168	379
168	380
168	381
168	382
168	383
168	384
168	385
168	386
168	387
168	388
168	389
168	390
168	391
168	392
168	393
168	394
168	395
168	396
168	397
168	398
168	399
168	400
168	401
168	402
168	403
168	404
168	405
168	406
168	407
168	408
168	409
168	410
168	411
168	412
168	413
168	414
168	415
168	416
168	417
168	418
168	419
168	420
168	421
168	422
168	423
168	424
168	425
168	426
168	427
168	428
168	429
168	430
168	431
168	432
168	433
168	434
168	436
168	437
168	438
168	440
168	441
168	442
168	443
168	444
168	446
168	447
169	369
169	371
169	372
169	373
169	374
169	375
169	376
169	377
169	378
169	379
169	380
169	381
169	382
169	383
169	384
169	385
169	386
169	387
169	388
169	389
169	390
169	391
169	392
169	393
169	394
169	395
169	396
169	397
169	398
169	399
169	400
169	401
169	402
169	403
169	404
169	405
169	406
169	407
169	408
169	409
169	410
169	411
169	412
169	413
169	414
169	415
169	416
169	417
169	418
169	419
169	420
169	421
169	422
169	423
169	424
169	425
169	426
169	427
169	428
169	429
169	430
169	431
169	432
169	433
169	435
169	436
169	437
169	438
169	439
169	440
169	441
169	442
169	443
169	444
169	446
170	370
170	371
170	372
170	373
170	374
170	375
170	376
170	377
170	378
170	379
170	380
170	381
170	382
170	383
170	384
170	385
170	386
170	387
170	388
170	389
170	390
170	391
170	392
170	393
170	394
170	395
170	396
170	397
170	398
170	399
170	400
170	401
170	402
170	403
170	404
170	405
170	406
170	407
170	408
170	409
170	410
170	411
170	412
170	413
170	414
170	415
170	416
170	417
170	418
170	419
170	420
170	421
170	422
170	423
170	424
170	425
170	429
170	430
170	432
170	433
170	434
170	435
170	436
170	438
170	439
170	440
170	441
170	442
170	443
170	444
170	445
170	446
170	447
170	448
171	369
171	370
171	371
171	372
171	373
171	374
171	375
171	376
171	377
171	378
171	379
171	380
171	381
171	382
171	383
171	384
171	385
171	386
171	387
171	388
171	389
171	390
171	391
171	392
171	393
171	394
171	395
171	396
171	397
171	398
171	399
171	400
171	401
171	402
171	403
171	404
171	405
171	406
171	407
171	408
171	409
171	410
171	411
171	412
171	413
171	414
171	415
171	416
171	417
171	418
171	419
171	420
171	421
171	422
171	423
171	424
171	425
171	428
171	431
171	432
171	433
171	434
171	436
171	438
171	439
171	440
171	441
171	442
171	443
171	444
171	446
171	447
171	448
172	368
172	369
172	370
172	371
172	372
172	373
172	374
172	375
172	376
172	377
172	378
172	379
172	380
172	381
172	382
172	383
172	384
172	385
172	386
172	387
172	388
172	389
172	390
172	391
172	392
172	393
172	394
172	395
172	396
172	397
172	398
172	399
172	400
172	401
172	402
172	403
172	404
172	405
172	406
172	407
172	408
172	409
172	410
172	411
172	412
172	413
172	414
172	415
172	416
172	417
172	418
172	419
172	421
172	422
172	423
172	424
172	425
172	426
172	428
172	430
172	431
172	432
172	433
172	434
172	438
172	439
172	440
172	441
172	442
172	443
172	445
172	446
172	447
173	369
173	370
173	371
173	372
173	373
173	374
173	375
173	376
173	377
173	378
173	379
173	380
173	381
173	382
173	383
173	384
173	385
173	386
173	387
173	388
173	389
173	390
173	391
173	392
173	393
173	394
173	395
173	396
173	397
173	398
173	399
173	400
173	401
173	402
173	403
173	404
173	405
173	406
173	407
173	408
173	409
173	410
173	411
173	412
173	413
173	414
173	415
173	416
173	417
173	419
173	420
173	421
173	422
173	423
173	424
173	425
173	426
173	427
173	428
173	431
173	433
173	434
173	435
173	436
173	437
173	438
173	439
173	440
173	443
173	444
173	445
173	446
173	447
173	448
173	449
174	369
174	370
174	371
174	372
174	373
174	374
174	375
174	376
174	377
174	378
174	379
174	380
174	381
174	382
174	383
174	384
174	385
174	386
174	387
174	388
174	389
174	390
174	391
174	392
174	393
174	394
174	395
174	396
174	397
174	398
174	399
174	400
174	401
174	402
174	403
174	404
174	405
174	406
174	407
174	408
174	409
174	410
174	411
174	412
174	413
174	414
174	415
174	416
174	417
174	418
174	419
174	420
174	421
174	422
174	423
174	424
174	425
174	426
174	432
174	433
174	434
174	435
174	436
174	437
174	438
174	439
174	440
174	442
174	443
174	444
174	445
174	446
174	447
174	448
174	449
175	368
175	369
175	370
175	371
175	372
175	373
175	374
175	375
175	376
175	377
175	378
175	379
175	380
175	381
175	382
175	383
175	384
175	385
175	386
175	387
175	388
175	389
175	390
175	391
175	392
175	393
175	394
175	395
175	396
175	397
175	398
175	399
175	400
175	401
175	402
175	403
175	404
175	405
175	406
175	407
175	408
175	415
175	416
175	417
175	418
175	419
175	421
175	422
175	424
175	425
175	427
175	428
175	429
175	431
175	432
175	433
175	434
175	435
175	436
175	437
175	438
175	439
175	440
175	441
175	442
175	443
175	444
175	445
175	446
175	447
175	448
176	368
176	369
176	370
176	371
176	372
176	374
176	376
176	377
176	380
176	381
176	382
176	383
176	384
176	385
176	386
176	387
176	388
176	389
176	390
176	391
176	392
176	393
176	394
176	395
176	396
176	399
176	401
176	402
176	403
176	404
176	405
176	406
176	407
176	409
176	414
176	415
176	416
176	417
176	418
176	420
176	421
176	422
176	425
176	427
176	428
176	429
176	431
176	432
176	433
176	434
176	435
176	436
176	437
176	438
176	439
176	440
176	441
176	443
176	445
176	446
176	448
177	369
177	372
177	381
177	382
177	434
177	435
177	438
177	439
177	440
177	446
208	169
208	171
208	172
208	173
208	176
209	161
209	165
209	166
209	169
209	170
209	171
209	172
209	173
209	174
209	175
209	176
209	177
210	161
210	162
210	165
210	166
210	169
210	170
210	171
210	172
210	173
210	174
210	175
210	176
210	177
211	162
211	163
211	164
211	165
211	166
211	167
211	168
211	169
211	170
211	171
211	172
211	173
211	174
211	175
211	176
212	161
212	163
212	164
212	166
212	167
212	168
212	169
212	170
212	171
212	172
212	175
212	176
212	177
213	160
213	161
213	162
213	163
213	165
213	166
213	167
213	168
213	169
213	170
213	171
213	172
213	173
213	174
213	175
213	176
214	161
214	162
214	163
214	164
214	165
214	166
214	167
214	168
214	169
214	170
214	171
214	172
214	173
214	174
214	175
214	176
215	160
215	161
215	162
215	163
215	164
215	165
215	166
215	167
215	168
215	172
215	173
215	174
215	175
215	176
216	160
216	161
216	162
216	163
216	164
216	165
216	167
216	168
216	169
216	170
216	171
216	172
216	173
216	174
216	175
216	176
217	160
217	161
217	162
217	163
217	164
217	165
217	166
217	167
217	168
217	169
217	170
217	171
217	172
217	173
217	174
217	175
217	176
218	160
218	161
218	162
218	163
218	164
218	165
218	166
218	167
218	168
218	169
218	170
218	171
218	172
218	173
218	174
218	175
218	176
218	177
219	161
219	162
219	163
219	164
219	165
219	166
219	167
219	168
219	169
219	170
219	171
219	172
219	173
219	174
219	175
219	176
219	177
220	161
220	162
220	163
220	164
220	165
220	166
220	167
220	168
220	169
220	170
220	171
220	172
220	173
220	174
220	175
220	176
220	177
221	161
221	162
221	163
221	164
221	165
221	166
221	167
221	168
221	169
221	170
221	171
221	172
221	173
221	174
221	175
221	176
221	177
222	161
222	162
222	163
222	164
222	165
222	166
222	167
222	168
222	169
222	170
222	171
222	172
222	173
222	174
222	175
222	176
223	161
223	162
223	163
223	164
223	165
223	166
223	167
223	168
223	169
223	170
223	171
223	172
223	173
223	174
223	175
224	161
224	162
224	163
224	164
224	165
224	166
224	167
224	168
224	169
224	170
224	171
224	172
224	173
224	174
224	175
225	162
225	164
225	165
225	166
225	167
225	168
225	169
225	170
225	171
225	172
225	173
225	174
225	175
225	176
226	161
226	164
226	165
226	166
226	167
226	168
226	169
226	170
226	171
226	172
226	173
226	174
226	175
226	176
227	161
227	164
227	165
227	166
227	167
227	168
227	169
227	170
227	171
227	172
227	173
227	175
227	176
228	161
228	162
228	163
228	164
228	165
228	166
228	167
228	168
228	169
228	170
228	171
228	172
228	173
228	174
228	175
228	176
229	161
229	162
229	163
229	164
229	165
229	166
229	167
229	168
229	169
229	170
229	171
229	172
229	173
229	175
229	176
230	161
230	162
230	164
230	165
230	166
230	167
230	168
230	169
230	170
230	171
230	172
230	173
230	175
230	176
231	161
231	162
231	163
231	164
231	165
231	166
231	167
231	168
231	169
231	170
231	171
231	172
231	173
231	174
231	175
231	176
232	161
232	162
232	164
232	166
232	167
232	168
232	169
232	170
232	171
232	172
232	173
232	174
232	175
232	176
233	161
233	162
233	163
233	164
233	165
233	166
233	167
233	168
233	169
233	170
233	171
233	172
233	173
233	174
233	175
233	176
234	161
234	162
234	163
234	164
234	165
234	166
234	167
234	168
234	169
234	170
234	171
234	172
234	173
234	174
234	175
234	176
235	161
235	162
235	163
235	164
235	165
235	166
235	167
235	168
235	169
235	170
235	171
235	172
235	173
235	174
235	175
235	176
236	161
236	162
236	163
236	164
236	165
236	166
236	167
236	168
236	169
236	170
236	171
236	172
236	173
236	174
236	175
236	176
237	162
237	163
237	164
237	165
237	166
237	167
237	168
237	169
237	170
237	171
237	172
237	173
237	174
237	175
237	176
238	161
238	163
238	164
238	165
238	166
238	167
238	168
238	169
238	170
238	171
238	172
238	173
238	174
238	175
239	161
239	162
239	163
239	164
239	166
239	167
239	168
239	169
239	170
239	171
239	172
239	173
239	174
239	175
239	176
240	161
240	162
240	163
240	164
240	165
240	166
240	167
240	168
240	169
240	170
240	171
240	172
240	173
240	174
240	175
240	176
241	161
241	162
241	163
241	164
241	166
241	168
241	169
241	170
241	171
241	172
241	173
241	174
241	175
241	176
242	161
242	162
242	163
242	164
242	165
242	167
242	168
242	169
242	170
242	171
242	172
242	173
242	174
242	175
243	161
243	163
243	164
243	165
243	167
243	168
243	169
243	170
243	171
243	172
243	173
243	174
243	175
243	176
244	161
244	163
244	164
244	167
244	168
244	169
244	170
244	171
244	172
244	173
244	174
244	175
244	176
244	177
245	163
245	164
245	166
245	168
245	169
245	170
245	171
245	172
245	173
245	174
245	175
245	176
245	177
246	163
246	164
246	166
246	168
246	169
246	170
246	171
246	172
246	173
246	174
246	175
246	176
246	177
247	161
247	163
247	164
247	166
247	168
247	169
247	170
247	171
247	172
247	173
247	174
247	175
247	176
247	177
248	161
248	163
248	164
248	168
248	169
248	170
248	171
248	172
248	173
248	174
248	175
248	176
248	177
249	161
249	163
249	164
249	168
249	169
249	170
249	171
249	172
249	173
249	174
249	175
249	176
249	177
250	161
250	162
250	163
250	164
250	165
250	168
250	169
250	170
250	171
250	172
250	173
250	174
250	175
250	176
250	177
251	161
251	162
251	165
251	168
251	169
251	170
251	171
251	172
251	173
251	174
251	175
251	176
251	177
252	161
252	162
252	165
252	167
252	168
252	169
252	170
252	171
252	172
252	173
252	174
252	175
252	176
252	177
253	163
253	164
253	167
253	168
253	170
253	171
253	172
253	173
253	174
253	175
253	176
253	177
254	163
254	164
254	167
254	170
254	171
254	172
254	173
254	174
254	175
254	176
254	177
255	161
255	162
255	164
255	166
255	167
255	169
255	170
255	171
255	172
255	173
255	174
255	175
255	176
255	177
256	160
256	161
256	162
256	164
256	165
256	166
256	168
256	169
256	170
256	171
256	172
256	173
256	174
256	175
256	176
256	177
257	160
257	161
257	162
257	163
257	164
257	165
257	166
257	167
257	168
257	169
257	170
257	171
257	172
257	173
257	174
257	175
257	176
257	177
258	161
258	162
258	163
258	164
258	165
258	166
258	167
258	168
258	169
258	170
258	171
258	172
258	173
258	174
258	175
258	176
258	177
259	163
259	164
259	165
259	166
259	167
259	168
259	170
259	171
259	172
259	173
259	174
259	175
259	176
259	177
260	164
260	165
260	166
260	167
260	168
260	170
260	171
260	172
260	173
260	174
260	175
260	176
260	177
261	161
261	164
261	165
261	166
261	167
261	168
261	170
261	171
261	172
261	173
261	174
261	175
261	176
261	177
262	161
262	162
262	163
262	164
262	165
262	166
262	167
262	168
262	169
262	170
262	171
262	172
262	173
262	174
262	175
262	176
262	177
263	161
263	162
263	163
263	164
263	165
263	167
263	168
263	169
263	170
263	171
263	172
263	173
263	174
263	175
263	176
263	177
264	161
264	162
264	163
264	164
264	165
264	167
264	168
264	169
264	170
264	171
264	172
264	173
264	174
264	175
264	176
264	177
265	161
265	162
265	163
265	164
265	165
265	167
265	168
265	169
265	170
265	171
265	172
265	173
265	174
265	175
265	176
265	177
266	161
266	162
266	163
266	164
266	165
266	168
266	169
266	170
266	171
266	172
266	173
266	174
266	175
266	176
266	177
267	164
267	168
267	169
267	170
267	171
267	172
267	173
267	174
267	175
267	176
267	177
268	164
268	168
268	169
268	170
268	171
268	172
268	173
268	174
268	175
268	176
268	177
269	161
269	164
269	168
269	169
269	170
269	171
269	172
269	173
269	174
269	175
269	176
269	177
270	161
270	162
270	163
270	164
270	165
270	168
270	169
270	170
270	171
270	172
270	173
270	174
270	175
270	176
270	177
271	160
271	161
271	162
271	163
271	164
271	165
271	168
271	169
271	170
271	171
271	172
271	173
271	174
271	175
271	176
271	177
272	161
272	162
272	163
272	164
272	165
272	168
272	169
272	170
272	171
272	172
272	173
272	174
272	175
272	176
273	161
273	164
273	165
273	166
273	167
273	168
273	169
273	170
273	171
273	172
273	173
273	174
273	175
273	176
273	177
274	161
274	162
274	163
274	164
274	165
274	166
274	167
274	168
274	169
274	170
274	171
274	172
274	173
274	174
274	175
274	176
274	177
275	163
275	164
275	167
275	168
275	169
275	170
275	171
275	172
275	173
275	174
275	175
275	176
275	177
276	161
276	163
276	164
276	167
276	168
276	169
276	170
276	171
276	172
276	173
276	174
276	175
276	176
277	161
277	162
277	163
277	165
277	166
277	167
277	168
277	169
277	170
277	171
277	172
277	173
277	174
277	175
278	161
278	162
278	163
278	165
278	166
278	167
278	168
278	169
278	170
278	171
278	172
278	173
278	174
278	175
278	176
279	161
279	162
279	163
279	165
279	166
279	167
279	168
279	169
279	170
279	171
279	172
279	173
279	174
279	175
279	176
279	177
280	162
280	163
280	164
280	165
280	166
280	167
280	168
280	169
280	170
280	171
280	172
280	173
280	174
280	175
280	176
280	177
281	161
281	163
281	164
281	168
281	169
281	170
281	171
281	172
281	173
281	174
281	175
281	176
282	161
282	163
282	164
282	165
282	167
282	168
282	169
282	170
282	171
282	172
282	173
282	174
282	175
282	176
283	161
283	163
283	164
283	165
283	166
283	167
283	168
283	169
283	170
283	171
283	172
283	173
283	174
283	175
283	176
284	161
284	163
284	164
284	165
284	166
284	167
284	168
284	169
284	170
284	171
284	172
284	173
284	174
284	175
284	176
285	163
285	164
285	165
285	166
285	167
285	168
285	169
285	170
285	171
285	172
285	173
285	174
285	175
285	176
286	163
286	164
286	165
286	166
286	167
286	168
286	169
286	170
286	171
286	172
286	173
286	174
286	175
286	176
287	161
287	162
287	163
287	164
287	165
287	166
287	167
287	168
287	169
287	170
287	171
287	172
287	173
287	174
287	175
287	176
288	161
288	162
288	163
288	164
288	165
288	166
288	167
288	168
288	169
288	170
288	171
288	172
288	173
288	174
288	175
288	176
288	177
289	164
289	165
289	166
289	167
289	168
289	170
289	171
289	172
289	173
289	174
289	175
289	176
284	161
284	163
284	164
284	165
284	166
284	167
284	168
284	169
284	170
284	171
284	172
284	173
284	174
284	175
284	176
285	163
285	164
285	165
285	166
285	167
285	168
285	169
285	170
285	171
285	172
285	173
285	174
285	175
285	176
286	163
286	164
286	165
286	166
286	167
286	168
286	169
286	170
286	171
286	172
286	173
286	174
286	175
286	176
287	161
287	162
287	163
287	164
287	165
287	166
287	167
287	168
287	169
287	170
287	171
287	172
287	173
287	174
287	175
287	176
288	161
288	162
288	163
288	164
288	165
288	166
288	167
288	168
288	169
288	170
288	171
288	172
288	173
288	174
288	175
288	176
288	177
289	164
289	165
289	166
289	167
289	168
289	170
289	171
289	172
289	173
289	174
289	175
289	176