96	217
97	209
97	210
97	211
97	212
97	213
97	216
97	217
97	218
97	219
97	220
97	221
97	224
98	209
98	210
98	211
98	212
98	215
98	216
98	217
98	218
98	219
98	220
98	221
98	223
98	224
99	211
99	212
99	213
99	214
99	215
99	216
99	217
99	218
99	219
99	220
99	221
99	222
99	223
100	211
100	212
100	213
100	214
100	215
100	216
100	217
100	218
100	219
100	220
100	221
100	222
100	223
101	209
101	212
101	213
101	214
101	215
101	218
101	219
101	220
101	221
101	223
101	224
102	209
102	210
102	211
102	212
102	213
102	214
102	215
102	218
102	219
102	220
102	221
102	222
102	223
102	224
103	208
103	209
103	210
103	211
103	212
103	213
103	214
103	215
103	216
103	217
103	218
103	219
103	220
103	221
103	222
103	224
104	208
104	209
104	210
104	211
104	212
104	213
104	214
104	216
104	217
104	218
104	219
104	220
104	221
104	222
104	223
104	224
104	225
105	208
105	209
105	210
105	211
105	212
105	213
105	214
105	215
105	216
105	217
105	218
105	219
105	220
105	221
105	222
105	223
105	224
105	225
106	209
106	211
106	212
106	213
106	214
106	215
106	216
106	217
106	218
106	219
106	220
106	221
106	222
106	223
106	224
107	211
107	212
107	213
107	214
107	215
107	216
107	217
107	218
107	219
107	220
107	221
107	222
107	223
107	224
108	209
108	210
108	211
108	212
108	213
108	214
108	215
108	216
108	217
108	218
108	219
108	220
108	221
108	222
108	223
108	224
108	225
109	209
109	210
109	211
109	212
109	213
109	214
109	215
109	216
109	217
109	218
109	219
109	220
109	221
109	222
109	223
109	224
110	208
110	209
110	210
110	211
110	212
110	213
110	214
110	215
110	216
110	217
110	218
110	219
110	220
110	221
110	222
110	223
110	224
111	208
111	209
111	210
111	211
111	212
111	213
111	214
111	215
111	216
111	217
111	218
111	219
111	220
111	221
111	222
111	223
111	224
112	197
112	198
112	201
112	202
112	205
112	206
112	207
112	208
112	209
112	210
112	211
112	212
112	213
112	214
112	215
112	216
112	217
112	218
112	219
112	220
112	222
112	223
112	224
113	195
113	196
113	197
113	198
113	199
113	200
113	201
113	202
113	203
113	204
113	205
113	206
113	207
113	208
113	209
113	210
113	211
113	212
113	213
113	214
113	215
113	216
113	217
113	218
113	219
113	220
113	221
113	223
113	224
114	193
114	196
114	197
114	198
114	199
114	200
114	201
114	202
114	203
114	204
114	205
114	206
114	207
114	208
114	209
114	210
114	211
114	212
114	213
114	214
114	215
114	216
114	217
114	218
114	220
114	221
114	224
115	192
115	193
115	194
115	196
115	197
115	198
115	199
115	202
115	203
115	204
115	205
115	206
115	207
115	208
115	209
115	210
115	211
115	212
115	213
115	214
115	215
115	216
115	217
115	219
115	220
115	221
115	223
115	224
115	225
116	193
116	194
116	195
116	196
116	197
116	198
116	199
116	200
116	201
116	203
116	204
116	205
116	206
116	207
116	208
116	209
116	210
116	211
116	212
116	213
116	214
116	215
116	217
116	218
116	219
116	220
116	223
116	224
116	225
117	192
117	193
117	194
117	195
117	196
117	197
117	198
117	199
117	200
117	201
117	202
117	203
117	204
117	205
117	206
117	207
117	208
117	209
117	210
117	211
117	212
117	213
117	214
117	215
117	216
117	217
117	218
117	219
117	220
117	221
117	222
117	223
117	224
117	225
118	192
118	193
118	194
118	196
118	197
118	198
118	199
118	200
118	201
118	202
118	203
118	204
118	205
118	206
118	207
118	208
118	209
118	210
118	211
118	212
118	213
118	214
118	215
118	216
118	217
118	218
118	219
118	220
118	221
118	222
118	223
118	224
118	225
119	192
119	193
119	194
119	195
119	196
119	197
119	198
119	199
119	200
119	201
119	202
119	203
119	204
119	205
119	206
119	207
119	208
119	209
119	210
119	211
119	212
119	213
119	214
119	215
119	216
119	217
119	219
119	220
119	221
119	222
119	223
119	224
120	192
120	193
120	194
120	195
120	196
120	197
120	198
120	200
120	201
120	202
120	203
120	204
120	205
120	206
120	207
120	208
120	209
120	210
120	211
120	213
120	214
120	215
120	216
120	217
120	218
120	219
120	220
120	221
120	222
120	223
121	193
121	194
121	195
121	196
121	197
121	198
121	199
121	200
121	201
121	202
121	203
121	204
121	205
121	206
121	207
121	208
121	209
121	210
121	211
121	212
121	213
121	214
121	215
121	216
121	217
121	218
121	219
121	220
121	223
121	224
122	193
122	194
122	195
122	196
122	197
122	198
122	199
122	200
122	201
122	202
122	203
122	204
122	205
122	206
122	207
122	208
122	209
122	210
122	211
122	212
122	213
122	214
122	216
122	217
122	218
122	220
122	221
122	222
123	193
123	194
123	195
123	196
123	197
123	198
123	199
123	200
123	201
123	202
123	203
123	204
123	205
123	206
123	207
123	208
123	209
123	210
123	211
123	212
123	214
123	215
123	216
123	217
123	218
123	219
123	220
123	221
123	222
123	223
123	224
124	193
124	194
124	195
124	196
124	197
124	198
124	199
124	200
124	201
124	202
124	203
124	204
124	205
124	206
124	207
124	208
124	209
124	210
124	211
124	213
124	214
124	215
124	216
124	217
124	218
124	219
124	220
124	221
124	222
124	223
124	224
125	193
125	194
125	195
125	196
125	197
125	198
125	199
125	200
125	201
125	202
125	203
125	204
125	205
125	206
125	207
125	208
125	209
125	210
125	212
125	213
125	215
125	216
125	217
125	218
125	219
125	220
125	221
125	222
126	193
126	194
126	195
126	196
126	197
126	198
126	199
126	200
126	201
126	202
126	203
126	204
126	205
126	206
126	208
126	209
126	210
126	211
126	212
126	213
126	214
126	215
126	216
126	217
126	219
126	220
126	221
126	222
126	223
126	224
127	193
127	194
127	195
127	196
127	197
127	198
127	199
127	200
127	201
127	202
127	203
127	204
127	205
127	206
127	207
127	208
127	209
127	210
127	211
127	212
127	213
127	214
127	215
127	216
127	219
127	220
127	221
127	223
127	224
127	225
128	181
128	182
128	184
128	193
128	194
128	195
128	196
128	197
128	198
128	199
128	200
128	201
128	202
128	203
128	204
128	205
128	206
128	207
128	208
128	209
128	210
128	211
128	212
128	213
128	214
128	215
128	216
128	217
128	219
128	220
128	222
128	223
128	224
128	225
128	226
128	230
128	231
128	238
129	179
129	181
129	182
129	184
129	185
129	186
129	188
129	189
129	191
129	192
129	193
129	194
129	195
129	196
129	197
129	198
129	199
129	200
129	201
129	202
129	203
129	204
129	205
129	206
129	207
129	208
129	209
129	210
129	211
129	212
129	213
129	214
129	215
129	216
129	217
129	219
129	220
129	221
129	222
129	223
129	224
129	225
129	226
129	227
129	228
129	229
129	230
129	231
129	232
129	234
129	235
129	236
129	237
129	238
129	239
129	240
129	305
129	306
129	308
129	309
129	310
129	313
129	314
129	315
129	316
129	317
129	318
130	179
130	181
130	182
130	183
130	184
130	185
130	186
130	187
130	188
130	190
130	191
130	192
130	193
130	194
130	195
130	196
130	197
130	198
130	199
130	200
130	201
130	202
130	203
130	205
130	206
130	207
130	208
130	209
130	210
130	211
130	212
130	215
130	216
130	217
130	218
130	219
130	220
130	221
130	222
130	223
130	224
130	225
130	226
130	229
130	230
130	231
130	232
130	234
130	235
130	237
130	238
130	239
130	240
130	305
130	308
130	309
130	310
130	312
130	313
130	314
130	315
130	316
131	177
131	178
131	179
131	180
131	183
131	184
131	185
131	186
131	187
131	188
131	189
131	190
131	192
131	193
131	194
131	195
131	196
131	197
131	198
131	199
131	200
131	201
131	202
131	203
131	204
131	205
131	207
131	208
131	209
131	210
131	211
131	213
131	214
131	215
131	216
131	217
131	218
131	219
131	222
131	223
131	224
131	225
131	226
131	227
131	228
131	229
131	230
131	231
131	232
131	233
131	234
131	235
131	236
131	237
131	239
131	240
131	241
131	305
131	311
131	312
131	313
131	314
131	315
131	316
131	317
131	319
131	320
132	177
132	178
132	179
132	180
132	181
132	182
132	183
132	184
132	185
132	186
132	187
132	188
132	189
132	190
132	192
132	193
132	194
132	195
132	196
132	197
132	198
132	199
132	200
132	201
132	202
132	203
132	204
132	205
132	206
132	207
132	208
132	209
132	210
132	211
132	212
132	213
132	214
132	215
132	216
132	217
132	218
132	219
132	220
132	222
132	223
132	224
132	225
132	226
132	227
132	228
132	229
132	230
132	231
132	233
132	234
132	235
132	236
132	237
132	239
132	240
132	241
132	307
132	308
132	309
132	312
132	313
132	314
132	315
132	316
132	317
132	319
132	320
133	177
133	178
133	179
133	181
133	182
133	183
133	184
133	185
133	186
133	187
133	188
133	189
133	190
133	191
133	192
133	193
133	194
133	195
133	196
133	197
133	198
133	199
133	200
133	201
133	202
133	203
133	204
133	205
133	206
133	207
133	208
133	209
133	210
133	211
133	212
133	213
133	214
133	215
133	216
133	217
133	218
133	219
133	220
133	221
133	222
133	223
133	224
133	225
133	226
133	228
133	229
133	230
133	234
133	235
133	236
133	237
133	238
133	239
133	240
133	241
133	305
133	306
133	307
133	308
133	310
133	311
133	312
133	313
133	317
133	318
133	319
133	320
134	177
134	178
134	179
134	180
134	181
134	182
134	183
134	184
134	185
134	186
134	187
134	188
134	189
134	190
134	191
134	192
134	193
134	194
134	195
134	196
134	197
134	198
134	199
134	200
134	201
134	202
134	203
134	204
134	205
134	206
134	207
134	208
134	209
134	211
134	212
134	213
134	214
134	215
134	216
134	217
134	218
134	219
134	220
134	221
134	222
134	223
134	224
134	225
134	226
134	227
134	228
134	229
134	230
134	231
134	235
134	236
134	237
134	238
134	239
134	240
134	305
134	306
134	307
134	308
134	309
134	310
134	311
134	312
134	313
134	317
134	318
134	319
134	320
135	177
135	179
135	180
135	181
135	182
135	183
135	184
135	185
135	186
135	187
135	188
135	190
135	191
135	192
135	193
135	194
135	195
135	196
135	197
135	198
135	199
135	200
135	201
135	202
135	203
135	205
135	206
135	207
135	208
135	209
135	210
135	211
135	212
135	213
135	214
135	215
135	216
135	217
135	218
135	219
135	220
135	221
135	222
135	223
135	224
135	225
135	226
135	227
135	228
135	229
135	230
135	231
135	234
135	235
135	236
135	237
135	238
135	239
135	240
135	305
135	306
135	308
135	309
135	310
135	311
135	312
135	313
135	314
135	315
135	316
135	317
135	318
135	319
136	177
136	178
136	179
136	180
136	181
136	182
136	184
136	185
136	186
136	187
136	188
136	190
136	191
136	192
136	193
136	194
136	195
136	196
136	197
136	198
136	199
136	200
136	201
136	202
136	203
136	205
136	206
136	207
136	208
136	209
136	210
136	211
136	212
136	213
136	214
136	215
136	216
136	217
136	218
136	219
136	220
136	221
136	222
136	223
136	224
136	225
136	227
136	228
136	229
136	230
136	231
136	232
136	234
136	235
136	236
136	237
136	238
136	239
136	240
136	305
136	306
136	308
136	309
136	310
136	311
136	312
136	313
136	314
136	316
136	317
136	318
136	319
137	178
137	179
137	180
137	181
137	182
137	183
137	185
137	186
137	187
137	188
137	190
137	191
137	192
137	193
137	194
137	195
137	196
137	197
137	198
137	199
137	200
137	201
137	202
137	203
137	204
137	205
137	206
137	208
137	213
137	214
137	215
137	216
137	219
137	220
137	221
137	222
137	223
137	224
137	225
137	226
137	227
137	228
137	231
137	232
137	234
137	235
137	236
137	237
137	238
137	239
137	240
137	305
137	306
137	307
137	308
137	309
137	310
137	311
137	312
137	313
137	314
137	315
137	316
137	318
137	319
137	320
138	179
138	180
138	181
138	182
138	183
138	184
138	186
138	187
138	188
138	189
138	190
138	191
138	192
138	193
138	194
138	195
138	196
138	197
138	198
138	199
138	200
138	201
138	202
138	203
138	205
138	206
138	208
138	209
138	210
138	211
138	212
138	213
138	214
138	215
138	216
138	217
138	218
138	219
138	220
138	221
138	222
138	223
138	224
138	225
138	226
138	227
138	228
138	229
138	230
138	232
138	233
138	234
138	235
138	236
138	237
138	238
138	240
138	306
138	307
138	308
138	310
138	311
138	312
138	313
138	314
138	315
138	316
138	317
138	318
138	319
138	320
139	177
139	178
139	179
139	180
139	181
139	182
139	183
139	184
139	185
139	186
139	187
139	188
139	189
139	190
139	191
139	192
139	193
139	194
139	195
139	196
139	197
139	198
139	199
139	200
139	201
139	202
139	203
139	204
139	205
139	206
139	207
139	208
139	209
139	210
139	212
139	214
139	215
139	216
139	217
139	218
139	219
139	220
139	222
139	223
139	224
139	225
139	226
139	227
139	228
139	229
139	232
139	233
139	234
139	235
139	236
139	237
139	238
139	239
139	240
139	305
139	306
139	307
139	308
139	309
139	310
139	311
139	312
139	313
139	314
139	315
139	316
139	317
139	318
139	319
139	320
139	321
140	177
140	178
140	179
140	180
140	183
140	184
140	185
140	186
140	187
140	188
140	189
140	190
140	191
140	192
140	193
140	194
140	195
140	196
140	197
140	198
140	199
140	200
140	201
140	202
140	203
140	204
140	205
140	206
140	207
140	208
140	209
140	211
140	212
140	215
140	216
140	217
140	218
140	219
140	220
140	221
140	222
140	223
140	224
140	225
140	226
140	227
140	228
140	229
140	230
140	232
140	233
140	234
140	235
140	237
140	238
140	239
140	240
140	305
140	306
140	307
140	308
140	309
140	310
140	311
140	312
140	313
140	314
140	315
140	316
140	317
140	319
140	320
140	321
141	177
141	178
141	179
141	180
141	181
141	182
141	183
141	186
141	187
141	188
141	189
141	190
141	191
141	192
141	193
141	194
141	195
141	196
141	197
141	199
141	200
141	201
141	202
141	204
141	205
141	206
141	207
141	209
141	210
141	211
141	212
141	213
141	214
141	215
141	216
141	217
141	218
141	219
141	221
141	222
141	223
141	224
141	225
141	226
141	227
141	228
141	229
141	230
141	231
141	232
141	233
141	234
141	236
141	237
141	238
141	239
141	305
141	307
141	308
141	309
141	310
141	311
141	312
141	315
141	316
141	317
141	320
142	178
142	179
142	180
142	181
142	182
142	183
142	184
142	185
142	186
142	187
142	188
142	189
142	190
142	191
142	192
142	193
142	194
142	195
142	196
142	197
142	198
142	199
142	200
142	201
142	202
142	204
142	205
142	206
142	207
142	208
142	209
142	210
142	211
142	212
142	213
142	214
142	215
142	216
142	217
142	218
142	219
142	220
142	221
142	222
142	223
142	224
142	225
142	226
142	227
142	228
142	229
142	230
142	231
142	233
142	234
142	236
142	237
142	238
142	240
142	305
142	306
142	307
142	308
142	309
142	310
142	311
142	312
142	313
142	314
142	315
142	316
142	317
142	318
142	319
142	320
143	176
143	177
143	178
143	179
143	181
143	182
143	183
143	184
143	185
143	186
143	187
143	188
143	189
143	190
143	191
143	192
143	193
143	194
143	195
143	197
143	198
143	200
143	201
143	202
143	203
143	204
143	205
143	207
143	208
143	209
143	210
143	211
143	212
143	213
143	214
143	215
143	216
143	217
143	218
143	219
143	220
143	221
143	222
143	223
143	224
143	225
143	226
143	227
143	228
143	229
143	230
143	231
143	232
143	233
143	234
143	235
143	236
143	237
143	238
143	239
143	240
143	241
143	304
143	305
143	306
143	307
143	308
143	310
143	311
143	312
143	313
143	314
143	315
143	316
143	317
143	318
143	319
143	320
143	321
144	176
144	177
144	178
144	179
144	181
144	182
144	183
144	184
144	185
144	186
144	187
144	188
144	189
144	190
144	191
144	192
144	193
144	194
144	195
144	196
144	197
144	198
144	200
144	201
144	202
144	203
144	204
144	205
144	207
144	208
144	209
144	210
144	211
144	212
144	213
144	214
144	215
144	216
144	217
144	218
144	219
144	220
144	221
144	222
144	223
144	224
144	225
144	226
144	227
144	228
144	229
144	230
144	231
144	232
144	233
144	234
144	235
144	236
144	237
144	239
144	240
144	241
144	273
144	279
144	281
144	282
144	304
144	305
144	306
144	307
144	308
144	309
144	310
144	311
144	312
144	313
144	314
144	315
144	316
144	317
144	318
144	319
144	320
144	322
144	333
144	335
144	336
144	341
144	342
144	343
144	348
144	349
144	350
145	179
145	180
145	181
145	182
145	183
145	184
145	185
145	186
145	187
145	188
145	189
145	190
145	191
145	192
145	193
145	194
145	197
145	198
145	200
145	202
145	204
145	207
145	208
145	211
145	212
145	215
145	216
145	217
145	218
145	219
145	220
145	221
145	222
145	223
145	224
145	225
145	226
145	227
145	228
145	229
145	230
145	232
145	233
145	234
145	235
145	236
145	239
145	240
145	272
145	273
145	274
145	276
145	278
145	279
145	280
145	281
145	282
145	283
145	285
145	286
145	287
145	288
145	304
145	305
145	306
145	307
145	308
145	309
145	310
145	311
145	312
145	313
145	314
145	315
145	316
145	317
145	318
145	319
145	320
145	321
145	322
145	323
145	324
145	326
145	327
145	328
145	331
145	332
145	333
145	334
145	335
145	336
145	337
145	338
145	340
145	341
145	342
145	343
145	344
145	345
145	346
145	347
145	348
145	349
145	350
145	351
146	176
146	177
146	178
146	179
146	180
146	181
146	182
146	183
146	184
146	185
146	186
146	187
146	188
146	189
146	190
146	191
146	192
146	193
146	211
146	214
146	215
146	216
146	217
146	218
146	220
146	221
146	222
146	223
146	224
146	225
146	226
146	227
146	228
146	229
146	233
146	234
146	235
146	236
146	273
146	274
146	276
146	279
146	280
146	281
146	282
146	283
146	284
146	285
146	286
146	287
146	288
146	289
146	304
146	305
146	306
146	307
146	308
146	309
146	310
146	311
146	312
146	313
146	314
146	315
146	316
146	317
146	318
146	319
146	320
146	321
146	322
146	325
146	326
146	327
146	328
146	329
146	331
146	332
146	333
146	334
146	335
146	336
146	337
146	338
146	340
146	341
146	342
146	343
146	344
146	345
146	346
146	347
146	348
146	349
146	350
147	176
147	177
147	178
147	179
147	180
147	181
147	182
147	183
147	184
147	185
147	186
147	187
147	188
147	189
147	190
147	191
147	192
147	193
147	211
147	214
147	217
147	218
147	220
147	221
147	222
147	223
147	224
147	225
147	226
147	227
147	228
147	229
147	231
147	233
147	234
147	235
147	236
147	275
147	276
147	278
147	279
147	283
147	284
147	285
147	286
147	287
147	288
147	289
147	304
147	305
147	306
147	307
147	308
147	309
147	310
147	311
147	312
147	313
147	314
147	315
147	316
147	317
147	318
147	319
147	320
147	321
147	322
147	323
147	324
147	325
147	326
147	327
147	328
147	329
147	331
147	332
147	333
147	334
147	336
147	337
147	338
147	341
147	342
147	343
147	344
147	345
147	346
147	347
147	348
147	349
147	350
147	351
147	352
148	176
148	177
148	178
148	179
148	180
148	181
148	182
148	183
148	184
148	185
148	186
148	187
148	188
148	189
148	190
148	191
148	192
148	211
148	214
148	217
148	218
148	219
148	220
148	221
148	222
148	223
148	224
148	225
148	226
148	227
148	228
148	229
148	231
148	233
148	234
148	235
148	236
148	272
148	273
148	274
148	275
148	276
148	280
148	281
148	282
148	283
148	284
148	285
148	286
148	287
148	288
148	289
148	305
148	306
148	307
148	308
148	309
148	310
148	311
148	312
148	313
148	314
148	315
148	316
148	317
148	318
148	319
148	320
148	321
148	322
148	323
148	324
148	325
148	326
148	327
148	328
148	329
148	331
148	332
148	333
148	334
148	335
148	337
148	338
148	340
148	341
148	342
148	343
148	344
148	345
148	346
148	347
148	348
148	349
148	350
148	352
149	176
149	177
149	178
149	181
149	182
149	183
149	184
149	185
149	186
149	187
149	188
149	189
149	190
149	191
149	192
149	211
149	214
149	215
149	217
149	218
149	219
149	220
149	221
149	222
149	223
149	224
149	225
149	226
149	227
149	228
149	229
149	231
149	233
149	234
149	235
149	236
149	237
149	238
149	240
149	272
149	273
149	274
149	275
149	277
149	278
149	279
149	280
149	281
149	282
149	283
149	284
149	286
149	287
149	288
149	304
149	305
149	306
149	307
149	308
149	309
149	310
149	311
149	312
149	313
149	314
149	315
149	316
149	317
149	318
149	319
149	320
149	321
149	322
149	323
149	324
149	325
149	326
149	327
149	329
149	330
149	334
149	335
149	336
149	337
149	338
149	339
149	340
149	341
149	342
149	343
149	344
149	345
149	346
149	347
149	349
149	350
149	351
149	352
149	353
150	177
150	178
150	179
150	180
150	181
150	182
150	183
150	184
150	185
150	186
150	187
150	188
150	189
150	190
150	191
150	192
150	193
150	211
150	214
150	215
150	216
150	217
150	218
150	219
150	220
150	222
150	223
150	224
150	225
150	226
150	227
150	228
150	229
150	230
150	231
150	232
150	233
150	234
150	235
150	236
150	237
150	238
150	239
150	240
150	272
150	273
150	274
150	275
150	276
150	277
150	278
150	279
150	280
150	281
150	282
150	283
150	284
150	286
150	304
150	305
150	306
150	307
150	308
150	309
150	310
150	311
150	312
150	313
150	314
150	315
150	316
150	317
150	318
150	319
150	320
150	321
150	322
150	323
150	324
150	325
150	328
150	329
150	330
150	332
150	335
150	336
150	337
150	338
150	339
150	343
150	344
150	345
150	346
150	347
150	349
150	350
150	351
150	352
150	353
151	180
151	181
151	182
151	183
151	184
151	185
151	186
151	187
151	188
151	189
151	190
151	191
151	192
151	193
151	209
151	210
151	211
151	214
151	215
151	216
151	217
151	218
151	219
151	220
151	221
151	222
151	223
151	224
151	225
151	226
151	227
151	228
151	229
151	230
151	231
151	232
151	233
151	234
151	235
151	236
151	237
151	238
151	239
151	240
151	273
151	274
151	275
151	276
151	277
151	278
151	279
151	280
151	281
151	282
151	283
151	284
151	285
151	286
151	287
151	288
151	305
151	306
151	307
151	308
151	309
151	310
151	311
151	312
151	313
151	314
151	315
151	316
151	317
151	318
151	319
151	320
151	321
151	322
151	323
151	324
151	325
151	326
151	327
151	329
151	330
151	331
151	332
151	334
151	335
151	339
151	340
151	341
151	343
151	344
151	345
151	346
151	347
151	349
151	350
151	351
151	352
152	177
152	178
152	180
152	181
152	182
152	183
152	184
152	185
152	186
152	187
152	188
152	189
152	190
152	191
152	192
152	193
152	209
152	210
152	211
152	214
152	215
152	216
152	219
152	220
152	221
152	222
152	223
152	224
152	225
152	226
152	227
152	228
152	229
152	230
152	231
152	234
152	235
152	236
152	237
152	238
152	239
152	240
152	274
152	275
152	276
152	277
152	278
152	279
152	280
152	281
152	282
152	284
152	285
152	286
152	287
152	288
152	305
152	306
152	307
152	308
152	309
152	310
152	311
152	312
152	313
152	314
152	315
152	316
152	317
152	318
152	319
152	320
152	321
152	322
152	323
152	324
152	325
152	326
152	327
152	328
152	329
152	331
152	332
152	334
152	336
152	337
152	338
152	339
152	340
152	341
152	342
152	344
152	345
152	347
152	348
152	349
152	350
153	177
153	178
153	179
153	180
153	181
153	182
153	183
153	184
153	185
153	186
153	187
153	188
153	189
153	190
153	191
153	192
153	193
153	211
153	212
153	214
153	215
153	216
153	219
153	220
153	221
153	222
153	223
153	224
153	225
153	226
153	227
153	228
153	229
153	230
153	237
153	238
153	239
153	240
153	273
153	274
153	275
153	276
153	277
153	278
153	279
153	280
153	281
153	283
153	284
153	305
153	306
153	307
153	308
153	309
153	310
153	311
153	313
153	314
153	315
153	316
153	317
153	318
153	319
153	320
153	321
153	322
153	323
153	324
153	325
153	326
153	327
153	328
153	329
153	330
153	331
153	332
153	334
153	335
153	336
153	337
153	338
153	339
153	340
153	341
153	342
153	343
153	344
153	345
153	346
153	347
153	348
153	349
153	351
153	352
154	177
154	178
154	179
154	180
154	181
154	182
154	183
154	184
154	185
154	186
154	187
154	188
154	189
154	190
154	192
154	211
154	212
154	214
154	215
154	216
154	217
154	219
154	220
154	221
154	222
154	223
154	224
154	225
154	226
154	227
154	228
154	229
154	230
154	237
154	238
154	239
154	240
154	273
154	274
154	275
154	277
154	278
154	279
154	280
154	281
154	283
154	284
154	285
154	286
154	305
154	306
154	307
154	308
154	309
154	310
154	311
154	312
154	313
154	314
154	315
154	316
154	317
154	318
154	319
154	320
154	321
154	322
154	323
154	324
154	325
154	326
154	327
154	328
154	329
154	330
154	331
154	332
154	333
154	334
154	335
154	336
154	337
154	339
154	340
154	341
154	343
154	344
154	345
154	346
154	347
154	348
154	349
154	350
154	351
154	352
155	177
155	178
155	179
155	180
155	181
155	182
155	183
155	184
155	185
155	186
155	187
155	188
155	189
155	190
155	191
155	192
155	193
155	209
155	211
155	212
155	213
155	214
155	215
155	216
155	219
155	220
155	221
155	222
155	223
155	224
155	225
155	226
155	227
155	228
155	229
155	230
155	231
155	232
155	233
155	237
155	238
155	239
155	240
155	272
155	273
155	274
155	275
155	276
155	277
155	278
155	279
155	280
155	281
155	282
155	283
155	284
155	285
155	286
155	287
155	288
155	305
155	306
155	307
155	308
155	309
155	310
155	311
155	312
155	313
155	314
155	315
155	316
155	317
155	318
155	319
155	320
155	321
155	322
155	323
155	324
155	325
155	326
155	327
155	328
155	329
155	330
155	331
155	332
155	333
155	334
155	335
155	336
155	337
155	339
155	340
155	341
155	342
155	343
155	344
155	345
155	346
155	347
155	348
155	349
155	350
155	351
156	178
156	179
156	180
156	181
156	182
156	183
156	184
156	185
156	186
156	187
156	188
156	190
156	191
156	192
156	193
156	209
156	210
156	212
156	213
156	214
156	216
156	219
156	221
156	222
156	223
156	224
156	225
156	226
156	227
156	228
156	229
156	230
156	231
156	232
156	233
156	234
156	236
156	237
156	238
156	239
156	240
156	241
156	272
156	273
156	274
156	275
156	276
156	277
156	278
156	279
156	280
156	281
156	282
156	283
156	284
156	285
156	286
156	287
156	288
156	305
156	307
156	308
156	309
156	310
156	311
156	312
156	313
156	314
156	315
156	316
156	317
156	318
156	319
156	320
156	321
156	322
156	323
156	324
156	325
156	326
156	327
156	328
156	329
156	330
156	331
156	332
156	333
156	334
156	335
156	336
156	337
156	338
156	339
156	340
156	341
156	342
156	343
156	344
156	345
156	346
156	347
156	348
156	349
156	350
156	351
156	352
157	177
157	178
157	179
157	180
157	181
157	182
157	183
157	184
157	185
157	186
157	187
157	188
157	189
157	191
157	192
157	193
157	209
157	210
157	212
157	213
157	214
157	217
157	218
157	219
157	221
157	222
157	223
157	224
157	225
157	226
157	227
157	228
157	229
157	230
157	231
157	232
157	233
157	234
157	236
157	237
157	238
157	239
157	240
157	241
157	273
157	274
157	275
157	276
157	277
157	278
157	279
157	280
157	281
157	282
157	283
157	284
157	285
157	286
157	306
157	307
157	308
157	309
157	310
157	311
157	312
157	314
157	315
157	317
157	318
157	319
157	320
157	321
157	322
157	323
157	324
157	325
157	326
157	327
157	328
157	329
157	330
157	331
157	332
157	333
157	334
157	335
157	336
157	337
157	338
157	339
157	340
157	341
157	342
157	343
157	344
157	345
157	346
157	347
157	348
157	350
157	351
157	352
157	353
158	178
158	179
158	180
158	181
158	182
158	183
158	184
158	185
158	186
158	188
158	189
158	190
158	191
158	192
158	208
158	209
158	210
158	212
158	213
158	214
158	217
158	218
158	219
158	220
158	222
158	223
158	224
158	225
158	226
158	227
158	228
158	229
158	230
158	231
158	232
158	233
158	236
158	237
158	238
158	239
158	240
158	241
158	273
158	274
158	275
158	276
158	277
158	278
158	279
158	280
158	281
158	282
158	283
158	284
158	285
158	286
158	287
158	305
158	306
158	307
158	308
158	309
158	310
158	311
158	312
158	313
158	314
158	315
158	316
158	317
158	318
158	320
158	321
158	322
158	323
158	324
158	325
158	326
158	327
158	328
158	329
158	330
158	331
158	332
158	333
158	334
158	335
158	336
158	337
158	338
158	339
158	340
158	341
158	342
158	343
158	344
158	345
158	346
158	347
158	348
158	349
158	351
158	352
158	353
159	177
159	178
159	179
159	180
159	181
159	182
159	183
159	184
159	185
159	186
159	187
159	188
159	189
159	191
159	208
159	209
159	210
159	212
159	213
159	214
159	215
159	216
159	217
159	219
159	220
159	221
159	222
159	223
159	224
159	225
159	226
159	227
159	228
159	229
159	230
159	231
159	232
159	233
159	236
159	237
159	238
159	239
159	240
159	241
159	272
159	273
159	274
159	275
159	276
159	277
159	278
159	279
159	280
159	281
159	282
159	284
159	285
159	286
159	287
159	288
159	306
159	307
159	308
159	309
159	310
159	311
159	312
159	313
159	314
159	315
159	316
159	317
159	318
159	322
159	323
159	324
159	325
159	326
159	327
159	328
159	329
159	330
159	331
159	332
159	333
159	334
159	335
159	336
159	337
159	338
159	339
159	340
159	341
159	342
159	343
159	344
159	349
159	350
159	351
159	352
159	353
160	169
160	171
160	172
160	176
160	177
160	178
160	179
160	180
160	181
160	182
160	183
160	184
160	185
160	186
160	187
160	188
160	189
160	190
160	191
160	192
160	209
160	210
160	213
160	214
160	215
160	216
160	217
160	218
160	219
160	220
160	221
160	222
160	223
160	224
160	225
160	226
160	227
160	228
160	229
160	230
160	231
160	232
160	233
160	237
160	238
160	239
160	240
160	265
160	266
160	267
160	271
160	272
160	273
160	274
160	275
160	276
160	277
160	278
160	279
160	280
160	281
160	283
160	284
160	285
160	286
160	287
160	288
160	306
160	307
160	308
160	309
160	310
160	311
160	312
160	313
160	314
160	315
160	316
160	317
160	318
160	321
160	326
160	327
160	328
160	329
160	330
160	331
160	332
160	333
160	334
160	335
160	336
160	337
160	338
160	339
160	340
160	341
160	342
160	343
160	344
160	345
160	346
160	348
160	349
160	350
160	351
160	352
161	161
161	162
161	163
161	164
161	165
161	166
161	167
161	168
161	169
161	170
161	171
161	172
161	173
161	175
161	176
161	177
161	178
161	179
161	180
161	181
161	182
161	183
161	184
161	185
161	186
161	189
161	190
161	191
161	192
161	212
161	217
161	221
161	222
161	223
161	224
161	225
161	226
161	227
161	228
161	229
161	230
161	231
161	232
161	233
161	234
161	235
161	236
161	237
161	238
161	239
161	257
161	258
161	259
161	260
161	261
161	262
161	263
161	265
161	266
161	267
161	268
161	269
161	270
161	271
161	272
161	273
161	274
161	275
161	276
161	277
161	278
161	279
161	280
161	281
161	285
161	286
161	287
161	288
161	307
161	311
161	313
161	316
161	317
161	321
161	322
161	324
161	325
161	326
161	327
161	328
161	329
161	330
161	331
161	332
161	333
161	334
161	335
161	336
161	337
161	338
161	339
161	340
161	341
161	342
161	343
161	344
161	345
161	346
161	347
161	348
161	349
161	350
161	351
161	352
162	161
162	162
162	163
162	164
162	165
162	166
162	167
162	168
162	169
162	170
162	171
162	172
162	173
162	175
162	176
162	177
162	178
162	179
162	180
162	181
162	182
162	183
162	184
162	185
162	186
162	188
162	189
162	190
162	191
162	192
162	209
162	211
162	212
162	213
162	214
162	217
162	220
162	221
162	222
162	223
162	224
162	225
162	226
162	227
162	228
162	229
162	230
162	231
162	232
162	233
162	234
162	235
162	236
162	237
162	238
162	257
162	258
162	259
162	261
162	262
162	263
162	264
162	265
162	266
162	267
162	268
162	269
162	270
162	271
162	272
162	273
162	274
162	275
162	276
162	277
162	278
162	279
162	280
162	281
162	283
162	285
162	286
162	287
162	288
162	321
162	322
162	323
162	324
162	325
162	326
162	327
162	328
162	329
162	330
162	331
162	332
162	333
162	334
162	335
162	336
162	337
162	338
162	339
162	340
162	341
162	342
162	343
162	344
162	345
162	346
162	347
162	348
162	349
162	350
162	351
162	352
163	161
163	162
163	163
163	164
163	165
163	167
163	168
163	169
163	170
163	171
163	172
163	173
163	174
163	175
163	176
163	177
163	178
163	179
163	180
163	181
163	182
163	183
163	184
163	185
163	186
163	187
163	188
163	189
163	190
163	209
163	212
163	213
163	214
163	217
163	220
163	221
163	222
163	223
163	224
163	225
163	226
163	227
163	228
163	229
163	231
163	232
163	233
163	234
163	235
163	236
163	237
163	238
163	240
163	256
163	257
163	258
163	259
163	260
163	261
163	263
163	264
163	265
163	266
163	267
163	269
163	270
163	272
163	273
163	274
163	275
163	276
163	277
163	278
163	279
163	280
163	281
163	287
163	288
163	322
163	323
163	324
163	325
163	326
163	327
163	328
163	329
163	330
163	331
163	332
163	333
163	334
163	335
163	336
163	337
163	338
163	339
163	340
163	341
163	342
163	343
163	344
163	345
163	346
163	347
163	348
163	349
163	350
163	351
163	352
164	161
164	163
164	164
164	165
164	167
164	168
164	169
164	170
164	171
164	172
164	174
164	175
164	176
164	177
164	178
164	179
164	180
164	181
164	182
164	183
164	184
164	186
164	187
164	188
164	189
164	190
164	191
164	192
164	209
164	212
164	213
164	214
164	221
164	222
164	223
164	224
164	225
164	226
164	227
164	228
164	229
164	231
164	234
164	235
164	237
164	240
164	256
164	257
164	258
164	259
164	260
164	261
164	262
164	264
164	265
164	266
164	267
164	268
164	269
164	270
164	271
164	272
164	273
164	274
164	275
164	276
164	277
164	278
164	279
164	280
164	281
164	285
164	286
164	321
164	322
164	323
164	324
164	325
164	326
164	329
164	331
164	332
164	333
164	334
164	335
164	336
164	337
164	338
164	339
164	340
164	341
164	342
164	343
164	344
164	345
164	346
164	347
164	348
164	349
164	350
164	351
164	352
165	161
165	163
165	164
165	165
165	166
165	167
165	168
165	170
165	171
165	172
165	174
165	175
165	176
165	177
165	178
165	179
165	180
165	181
165	182
165	183
165	185
165	186
165	187
165	188
165	189
165	190
165	191
165	192
165	209
165	212
165	213
165	214
165	218
165	219
165	221
165	222
165	223
165	224
165	225
165	226
165	227
165	228
165	229
165	230
165	231
165	232
165	235
165	236
165	240
165	257
165	258
165	259
165	260
165	261
165	262
165	263
165	264
165	265
165	266
165	267
165	268
165	269
165	270
165	271
165	272
165	273
165	274
165	275
165	276
165	277
165	278
165	279
165	280
165	282
165	285
165	286
165	287
165	323
165	324
165	325
165	326
165	327
165	328
165	329
165	330
165	331
165	332
165	334
165	335
165	336
165	337
165	338
165	339
165	340
165	341
165	342
165	343
165	344
165	345
165	346
165	347
165	348
165	349
165	350
165	351
165	352
166	163
166	164
166	165
166	166
166	167
166	168
166	169
166	171
166	172
166	173
166	174
166	175
166	176
166	177
166	178
166	179
166	180
166	181
166	182
166	183
166	184
166	185
166	186
166	187
166	188
166	189
166	190
166	191
166	209
166	212
166	213
166	214
166	218
166	219
166	220
166	222
166	223
166	224
166	225
166	226
166	227
166	228
166	229
166	230
166	231
166	232
166	233
166	234
166	235
166	236
166	239
166	240
166	259
166	260
166	262
166	263
166	264
166	265
166	266
166	267
166	268
166	269
166	270
166	271
166	272
166	273
166	274
166	275
166	276
166	277
166	278
166	279
166	281
166	282
166	283
166	285
166	286
166	287
166	288
166	321
166	322
166	323
166	324
166	325
166	326
166	327
166	328
166	329
166	330
166	331
166	332
166	333
166	335
166	336
166	337
166	338
166	339
166	340
166	341
166	342
166	343
166	344
166	345
166	346
166	347
166	348
166	349
166	350
166	351
166	352
167	161
167	163
167	164
167	165
167	167
167	168
167	170
167	171
167	172
167	173
167	174
167	175
167	176
167	177
167	178
167	179
167	180
167	181
167	182
167	183
167	184
167	185
167	186
167	187
167	188
167	189
167	190
167	209
167	212
167	213
167	214
167	215
167	216
167	217
167	218
167	219
167	220
167	222
167	223
167	224
167	225
167	226
167	227
167	228
167	229
167	230
167	231
167	232
167	233
167	234
167	235
167	236
167	237
167	238
167	240
167	257
167	258
167	259
167	260
167	261
167	262
167	263
167	264
167	265
167	266
167	267
167	268
167	269
167	270
167	271
167	272
167	273
167	274
167	275
167	276
167	277
167	278
167	279
167	280
167	281
167	282
167	283
167	285
167	286
167	287
167	288
167	320
167	321
167	322
167	323
167	324
167	325
167	326
167	327
167	328
167	329
167	330
167	331
167	332
167	333
167	334
167	335
167	336
167	338
167	339
167	340
167	341
167	342
167	343
167	344
167	345
167	346
167	347
167	348
167	349
167	350
167	351
167	352
168	161
168	162
168	163
168	164
168	166
168	167
168	168
168	169
168	170
168	171
168	172
168	173
168	174
168	175
168	176
168	177
168	178
168	179
168	180
168	181
168	182
168	183
168	184
168	186
168	187
168	188
168	190
168	192
168	209
168	212
168	213
168	214
168	215
168	216
168	217
168	218
168	219
168	220
168	222
168	223
168	224
168	225
168	226
168	227
168	228
168	229
168	230
168	231
168	232
168	233
168	234
168	235
168	236
168	237
168	238
168	240
168	256
168	257
168	258
168	259
168	260
168	261
168	262
168	263
168	264
168	269
168	270
168	271
168	272
168	273
168	274
168	275
168	276
168	277
168	278
168	279
168	280
168	281
168	282
168	285
168	286
168	287
168	288
168	320
168	321
168	322
168	323
168	324
168	325
168	326
168	328
168	329
168	330
168	333
168	334
168	335
168	336
168	337
168	338
168	339
168	340
168	341
168	342
168	344
168	345
168	346
168	347
168	348
168	349
168	350
168	351
168	352
168	353
169	160
169	161
169	162
169	163
169	164
169	165
169	166
169	168
169	169
169	170
169	171
169	172
169	173
169	174
169	175
169	176
169	177
169	178
169	179
169	180
169	181
169	182
169	183
169	184
169	185
169	186
169	187
169	188
169	209
169	212
169	213
169	214
169	215
169	216
169	217
169	218
169	219
169	220
169	221
169	222
169	223
169	224
169	225
169	226
169	227
169	228
169	229
169	231
169	232
169	233
169	234
169	236
169	237
169	238
169	257
169	258
169	259
169	261
169	262
169	263
169	264
169	265
169	266
169	267
169	268
169	270
169	271
169	272
169	273
169	274
169	275
169	276
169	277
169	278
169	279
169	281
169	282
169	285
169	286
169	287
169	288
169	320
169	321
169	322
169	323
169	324
169	325
169	326
169	327
169	329
169	330
169	331
169	332
169	333
169	334
169	335
169	336
169	337
169	339
169	340
169	341
169	343
169	344
169	345
169	346
169	348
169	349
169	350
169	351
169	352
169	353
170	160
170	161
170	162
170	163
170	164
170	165
170	166
170	167
170	168
170	169
170	170
170	171
170	172
170	173
170	174
170	175
170	176
170	177
170	178
170	179
170	180
170	181
170	182
170	183
170	185
170	186
170	187
170	188
170	190
170	209
170	212
170	213
170	215
170	216
170	217
170	218
170	219
170	220
170	222
170	223
170	224
170	225
170	226
170	227
170	228
170	229
170	230
170	231
170	232
170	233
170	234
170	237
170	238
170	239
170	257
170	258
170	259
170	260
170	261
170	262
170	263
170	264
170	266
170	267
170	268
170	269
170	270
170	271
170	272
170	273
170	274
170	275
170	276
170	277
170	278
170	279
170	286
170	287
170	288
170	289
170	320
170	321
170	322
170	323
170	325
170	326
170	327
170	330
170	331
170	332
170	333
170	334
170	335
170	336
170	339
170	342
170	343
170	344
170	345
170	347
170	348
170	349
170	350
170	352
171	161
171	162
171	165
171	166
171	167
171	168
171	169
171	170
171	172
171	173
171	174
171	175
171	176
171	177
171	178
171	179
171	180
171	181
171	182
171	183
171	185
171	186
171	187
171	189
171	190
171	191
171	192
171	209
171	212
171	215
171	216
171	217
171	218
171	219
171	220
171	222
171	223
171	224
171	225
171	226
171	227
171	228
171	229
171	230
171	231
171	232
171	233
171	234
171	237
171	238
171	239
171	259
171	260
171	261
171	262
171	263
171	264
171	265
171	266
171	267
171	268
171	269
171	270
171	271
171	272
171	273
171	274
171	275
171	276
171	277
171	278
171	279
171	281
171	282
171	283
171	284
171	285
171	287
171	288
171	289
171	320
171	321
171	322
171	323
171	324
171	325
171	326
171	330
171	331
171	332
171	333
171	334
171	335
171	336
171	337
171	338
171	342
171	343
171	344
171	346
171	347
171	348
171	349
171	350
171	351
171	352
171	353
172	161
172	162
172	163
172	164
172	165
172	166
172	167
172	168
172	170
172	171
172	172
172	173
172	174
172	175
172	176
172	177
172	178
172	179
172	180
172	181
172	182
172	183
172	185
172	186
172	187
172	189
172	190
172	191
172	192
172	209
172	212
172	215
172	216
172	217
172	218
172	219
172	220
172	222
172	223
172	224
172	225
172	226
172	227
172	228
172	229
172	230
172	231
172	232
172	233
172	234
172	237
172	238
172	239
172	257
172	259
172	260
172	261
172	262
172	265
172	266
172	268
172	269
172	270
172	271
172	272
172	273
172	274
172	275
172	276
172	277
172	278
172	279
172	280
172	281
172	282
172	283
172	284
172	285
172	286
172	287
172	288
172	289
172	321
172	322
172	323
172	324
172	325
172	326
172	329
172	330
172	331
172	332
172	333
172	334
172	335
172	336
172	337
172	338
172	340
172	341
172	343
172	345
172	346
172	347
172	348
172	349
172	350
172	351
172	352
172	353
173	163
173	164
173	165
173	166
173	168
173	169
173	170
173	171
173	172
173	173
173	174
173	175
173	176
173	177
173	178
173	179
173	181
173	182
173	184
173	186
173	187
173	188
173	189
173	190
173	191
173	192
173	209
173	210
173	212
173	215
173	216
173	217
173	218
173	219
173	220
173	221
173	222
173	223
173	224
173	225
173	226
173	227
173	228
173	229
173	230
173	231
173	232
173	233
173	235
173	237
173	238
173	239
173	240
173	257
173	258
173	259
173	260
173	263
173	264
173	265
173	266
173	267
173	268
173	269
173	270
173	271
173	272
173	273
173	274
173	275
173	276
173	277
173	278
173	279
173	280
173	282
173	283
173	284
173	285
173	286
173	287
173	288
173	289
173	321
173	322
173	323
173	324
173	331
173	332
173	333
173	334
173	336
173	337
173	338
173	339
173	340
173	341
173	342
173	343
173	344
173	345
173	346
173	347
173	348
173	349
173	350
173	351
173	352
174	161
174	163
174	165
174	166
174	168
174	169
174	170
174	171
174	172
174	173
174	174
174	175
174	176
174	177
174	178
174	179
174	180
174	181
174	182
174	184
174	185
174	186
174	187
174	188
174	190
174	191
174	192
174	209
174	210
174	212
174	215
174	216
174	217
174	218
174	219
174	220
174	221
174	222
174	223
174	224
174	225
174	226
174	227
174	228
174	229
174	230
174	231
174	232
174	233
174	234
174	235
174	236
174	237
174	238
174	239
174	240
174	256
174	257
174	258
174	259
174	260
174	261
174	262
174	263
174	264
174	265
174	266
174	267
174	268
174	269
174	270
174	271
174	272
174	273
174	274
174	275
174	276
174	277
174	278
174	279
174	280
174	281
174	282
174	283
174	284
174	285
174	286
174	287
174	288
174	289
174	321
174	322
174	323
174	324
174	328
174	329
174	330
174	331
174	332
174	333
174	334
174	335
174	336
174	337
174	338
174	340
174	341
174	342
174	343
174	344
174	345
174	346
174	347
174	348
174	349
174	350
174	351
174	352
175	161
175	162
175	163
175	164
175	165
175	166
175	167
175	168
175	169
175	170
175	171
175	172
175	173
175	174
175	175
175	176
175	177
175	178
175	179
175	180
175	181
175	182
175	185
175	186
175	188
175	189
175	190
175	191
175	192
175	209
175	210
175	212
175	214
175	215
175	216
175	217
175	219
175	220
175	221
175	222
175	223
175	224
175	225
175	226
175	227
175	228
175	229
175	230
175	231
175	232
175	233
175	234
175	235
175	236
175	237
175	238
175	239
175	240
175	256
175	257
175	258
175	259
175	260
175	261
175	262
175	263
175	264
175	265
175	267
175	268
175	269
175	270
175	271
175	272
175	273
175	274
175	275
175	276
175	277
175	278
175	279
175	280
175	281
175	282
175	283
175	284
175	285
175	286
175	287
175	288
175	321
175	322
175	326
175	327
175	328
175	329
175	330
175	335
175	336
175	337
175	338
175	339
175	340
175	341
175	342
175	343
175	344
175	345
175	347
175	348
175	349
175	350
176	162
176	163
176	164
176	165
176	166
176	167
176	168
176	169
176	170
176	171
176	172
176	173
176	174
176	175
176	176
176	177
176	178
176	179
176	180
176	181
176	182
176	183
176	184
176	185
176	186
176	188
176	189
176	190
176	191
176	192
176	209
176	210
176	212
176	215
176	216
176	217
176	218
176	219
176	220
176	221
176	222
176	223
176	224
176	225
176	226
176	227
176	228
176	229
176	230
176	231
176	232
176	233
176	234
176	235
176	236
176	239
176	240
176	256
176	257
176	258
176	259
176	260
176	261
176	262
176	265
176	266
176	267
176	268
176	269
176	270
176	271
176	272
176	273
176	274
176	275
176	276
176	277
176	278
176	279
176	281
176	282
176	283
176	284
176	285
176	286
176	287
176	288
176	321
176	322
176	323
176	326
176	327
176	328
176	329
176	330
176	331
176	332
176	335
176	336
176	337
176	338
176	339
176	340
176	341
176	342
176	343
176	344
176	345
176	346
176	347
176	348
176	349
176	350
176	351
177	163
177	164
177	165
177	166
177	167
177	168
177	169
177	170
177	171
177	172
177	173
177	174
177	175
177	176
177	177
177	178
177	179
177	180
177	181
177	185
177	219
177	220
177	221
177	222
177	223
177	224
177	225
177	226
177	227
177	228
177	229
177	230
177	232
177	233
177	234
177	235
177	236
177	237
177	238
177	239
177	240
177	241
177	257
177	258
177	259
177	260
177	261
177	262
177	265
177	266
177	267
177	268
177	269
177	270
177	271
177	272
177	273
177	274
177	275
177	276
177	277
177	278
177	279
177	280
177	281
177	282
177	283
177	284
177	285
177	286
177	288
177	327
177	328
177	329
177	336
177	337
177	338
177	341
177	343
177	344
177	349
177	350
178	163
178	164
178	165
178	166
178	170
178	171
178	172
178	173
178	174
178	175
178	176
178	177
178	219
178	220
178	221
178	222
178	223
178	224
178	225
178	226
178	227
178	228
178	229
178	232
178	233
178	234
178	235
178	236
178	237
178	238
178	239
178	240
178	241
178	257
178	258
178	260
178	261
178	262
178	265
178	266
178	267
178	268
178	269
178	270
178	271
178	272
178	273
178	274
178	275
178	276
178	277
178	278
178	279
178	280
178	281
178	282
178	283
178	284
178	285
178	286
178	288
179	165
179	166
179	167
179	168
179	169
179	170
179	171
179	172
179	173
179	174
179	175
179	176
179	177
179	217
179	219
179	220
179	221
179	222
179	223
179	224
179	225
179	226
179	227
179	228
179	229
179	230
179	231
179	232
179	233
179	234
179	237
179	238
179	239
179	240
179	241
179	257
179	259
179	260
179	262
179	264
179	265
179	266
179	267
179	268
179	269
179	270
179	271
179	272
179	273
179	274
179	275
179	276
179	277
179	278
179	279
179	280
179	281
179	282
179	284
179	285
179	286
179	287
179	288
180	165
180	166
180	167
180	168
180	169
180	170
180	171
180	172
180	173
180	174
180	175
180	176
180	177
180	219
180	220
180	221
180	222
180	223
180	224
180	225
180	226
180	227
180	228
180	229
180	230
180	232
180	233
180	234
180	235
180	237
180	238
180	259
180	260
180	261
180	262
180	263
180	264
180	265
180	266
180	267
180	268
180	269
180	270
180	271
180	272
180	273
180	274
180	275
180	276
180	277
180	278
180	279
180	280
180	281
180	282
180	284
180	285
180	286
180	287
180	288
180	289
181	161
181	162
181	166
181	167
181	168
181	169
181	170
181	171
181	172
181	173
181	174
181	175
181	176
181	177
181	219
181	220
181	221
181	222
181	223
181	224
181	225
181	226
181	227
181	228
181	229
181	230
181	231
181	232
181	233
181	234
181	235
181	236
181	238
181	239
181	240
181	241
181	257
181	258
181	259
181	260
181	261
181	262
181	263
181	264
181	266
181	267
181	268
181	269
181	270
181	271
181	272
181	273
181	274
181	275
181	276
181	277
181	278
181	279
181	280
181	281
181	282
181	283
181	286
181	287
181	288
181	289
182	164
182	165
182	166
182	167
182	168
182	169
182	170
182	171
182	172
182	173
182	174
182	175
182	176
182	177
182	217
182	219
182	221
182	222
182	223
182	224
182	225
182	226
182	227
182	228
182	229
182	230
182	231
182	232
182	235
182	236
182	238
182	239
182	240
182	241
182	256
182	257
182	258
182	259
182	260
182	261
182	262
182	263
182	264
182	265
182	266
182	267
182	268
182	269
182	270
182	271
182	272
182	273
182	274
182	275
182	276
182	277
182	278
182	279
182	280
182	281
182	282
182	283
182	284
182	285
182	286
182	287
182	288
183	160
183	161
183	162
183	163
183	164
183	165
183	166
183	167
183	168
183	169
183	170
183	171
183	172
183	173
183	174
183	175
183	176
183	177
183	215
183	216
183	217
183	218
183	220
183	221
183	225
183	226
183	227
183	228
183	230
183	231
183	232
183	235
183	236
183	237
183	238
183	239
183	240
183	241
183	256
183	257
183	258
183	259
183	260
183	261
183	262
183	263
183	264
183	265
183	266
183	267
183	268
183	269
183	270
183	271
183	272
183	273
183	274
183	275
183	276
183	277
183	278
183	279
183	280
183	281
183	282
183	283
183	284
183	285
183	286
183	287
184	160
184	161
184	162
184	163
184	164
184	165
184	166
184	168
184	169
184	170
184	171
184	172
184	173
184	174
184	175
184	176
184	215
184	216
184	217
184	218
184	221
184	223
184	225
184	226
184	227
184	228
184	229
184	230
184	231
184	232
184	234
184	235
184	236
184	237
184	238
184	239
184	240
184	241
184	256
184	257
184	258
184	259
184	260
184	262
184	263
184	264
184	265
184	266
184	267
184	268
184	269
184	270
184	271
184	272
184	273
184	274
184	275
184	276
184	277
184	278
184	279
184	280
184	283
184	284
184	285
184	286
185	161
185	162
185	163
185	164
185	165
185	166
185	167
185	168
185	169
185	170
185	171
185	172
185	173
185	174
185	175
185	176
185	217
185	218
185	219
185	220
185	225
185	226
185	227
185	228
185	229
185	230
185	231
185	232
185	233
185	234
185	235
185	237
185	238
185	239
185	240
185	241
185	257
185	258
185	259
185	260
185	262
185	264
185	265
185	266
185	267
185	268
185	269
185	270
185	271
185	272
185	273
185	274
185	276
185	277
185	278
185	280
185	281
185	282
185	283
185	284
185	285
185	286
185	287
185	288
186	162
186	163
186	164
186	165
186	166
186	167
186	168
186	169
186	170
186	171
186	172
186	173
186	174
186	175
186	176
186	217
186	218
186	219
186	220
186	225
186	227
186	228
186	229
186	230
186	231
186	232
186	233
186	235
186	237
186	238
186	239
186	240
186	241
186	259
186	260
186	261
186	262
186	263
186	264
186	265
186	266
186	267
186	268
186	269
186	270
186	271
186	272
186	273
186	274
186	275
186	276
186	277
186	278
186	279
186	280
186	281
186	282
186	283
186	284
186	285
186	286
186	287
186	288
187	161
187	162
187	163
187	164
187	165
187	166
187	167
187	168
187	169
187	170
187	171
187	172
187	173
187	174
187	175
187	176
187	224
187	225
187	226
187	227
187	228
187	229
187	234
187	235
187	236
187	237
187	238
187	239
187	257
187	258
187	259
187	260
187	261
187	262
187	263
187	264
187	265
187	266
187	267
187	268
187	269
187	270
187	271
187	272
187	273
187	274
187	275
187	276
187	277
187	278
187	279
187	280
187	281
187	282
187	283
187	284
187	285
187	286
187	287
187	288
188	161
188	162
188	164
188	165
188	166
188	167
188	168
188	169
188	170
188	171
188	172
188	173
188	174
188	175
188	176
188	224
188	225
188	226
188	227
188	228
188	229
188	230
188	233
188	234
188	235
188	236
188	237
188	238
188	239
188	240
188	256
188	257
188	258
188	259
188	260
188	261
188	262
188	263
188	264
188	265
188	266
188	267
188	268
188	269
188	270
188	271
188	272
188	273
188	274
188	275
188	276
188	277
188	278
188	279
188	280
188	281
188	282
188	283
188	284
188	285
188	286
188	287
188	288
189	161
189	162
189	164
189	165
189	166
189	167
189	168
189	169
189	170
189	171
189	172
189	173
189	174
189	175
189	176
189	226
189	227
189	228
189	230
189	234
189	235
189	236
189	237
189	238
189	239
189	240
189	241
189	256
189	257
189	258
189	260
189	261
189	262
189	263
189	264
189	265
189	266
189	267
189	268
189	269
189	270
189	271
189	272
189	274
189	275
189	276
189	277
189	278
189	280
189	281
189	282
189	283
189	284
190	161
190	162
190	163
190	164
190	165
190	166
190	167
190	168
190	169
190	170
190	171
190	172
190	173
190	174
190	175
190	176
190	177
190	225
190	226
190	227
190	228
190	230
190	234
190	235
190	236
190	237
190	238
190	239
190	240
190	241
190	257
190	258
190	259
190	260
190	261
190	262
190	263
190	264
190	265
190	266
190	267
190	268
190	269
190	270
190	271
190	272
190	273
190	274
190	277
190	278
190	280
190	281
190	282
190	283
190	284
190	285
191	161
191	162
191	163
191	164
191	166
191	167
191	168
191	169
191	170
191	171
191	172
191	173
191	174
191	175
191	176
191	177
191	225
191	227
191	228
191	229
191	230
191	232
191	234
191	235
191	236
191	237
191	238
191	240
191	257
191	258
191	259
191	260
191	261
191	262
191	263
191	264
191	265
191	266
191	267
191	268
191	269
191	270
191	271
191	272
191	273
191	274
191	275
191	276
191	280
191	284
191	285
191	288
192	160
192	161
192	162
192	163
192	164
192	166
192	168
192	169
192	170
192	171
192	172
192	173
192	174
192	175
192	176
192	177
192	225
192	227
192	229
192	230
192	231
192	232
192	233
192	234
192	235
192	236
192	237
192	238
192	239
192	240
192	245
192	251
192	252
192	255
192	256
192	257
192	259
192	260
192	261
192	262
192	263
192	264
192	265
192	266
192	267
192	268
192	269
192	270
192	271
192	272
192	273
192	274
192	275
192	276
192	277
192	280
192	281
192	282
192	285
192	288
193	161
193	162
193	163
193	164
193	168
193	169
193	170
193	171
193	172
193	173
193	174
193	176
193	224
193	225
193	226
193	227
193	228
193	229
193	230
193	231
193	232
193	233
193	234
193	235
193	236
193	238
193	241
193	243
193	244
193	245
193	246
193	248
193	249
193	250
193	251
193	252
193	253
193	254
193	255
193	256
193	257
193	258
193	259
193	260
193	261
193	262
193	263
193	264
193	265
193	266
193	267
193	268
193	269
193	271
193	272
193	273
193	274
194	224
194	225
194	226
194	227
194	228
194	229
194	230
194	231
194	232
194	233
194	234
194	235
194	236
194	238
194	240
194	241
194	243
194	244
194	245
194	246
194	247
194	248
194	249
194	250
194	251
194	252
194	253
194	254
194	255
194	256
194	257
194	258
194	259
194	260
194	261
194	262
194	263
194	264
194	265
194	266
194	267
194	268
194	269
194	270
194	272
195	225
195	226
195	227
195	228
195	229
195	230
195	231
195	232
195	233
195	234
195	236
195	237
195	238
195	241
195	242
195	243
195	244
195	245
195	246
195	247
195	248
195	249
195	250
195	251
195	252
195	253
195	254
195	256
195	257
195	258
195	259
195	260
195	261
195	262
195	263
195	264
195	265
195	266
195	267
195	268
195	269
195	270
195	271
195	272
196	226
196	227
196	228
196	229
196	231
196	232
196	233
196	234
196	237
196	238
196	239
196	240
196	242
196	243
196	244
196	245
196	246
196	247
196	248
196	249
196	250
196	251
196	252
196	253
196	254
196	255
196	256
196	258
196	259
196	260
196	261
196	262
196	263
196	264
196	265
196	266
196	267
196	268
196	269
196	270
196	272
197	225
197	226
197	227
197	228
197	229
197	230
197	231
197	232
197	233
197	234
197	235
197	237
197	238
197	239
197	240
197	241
197	242
197	243
197	244
197	245
197	246
197	248
197	249
197	250
197	251
197	252
197	253
197	254
197	255
197	256
197	257
197	258
197	259
197	260
197	261
197	262
197	263
197	264
197	265
197	266
197	267
197	268
197	269
197	270
197	271
197	272
197	273
198	225
198	226
198	227
198	228
198	229
198	230
198	231
198	232
198	233
198	234
198	235
198	236
198	237
198	238
198	239
198	240
198	241
198	242
198	243
198	244
198	245
198	246
198	247
198	248
198	249
198	250
198	251
198	252
198	253
198	254
198	255
198	256
198	257
198	258
198	259
198	260
198	261
198	262
198	263
198	264
198	265
198	266
198	267
198	268
198	269
198	270
198	271
198	272
198	273
199	224
199	225
199	226
199	227
199	228
199	229
199	230
199	231
199	232
199	233
199	234
199	235
199	236
199	237
199	238
199	239
199	240
199	241
199	242
199	243
199	244
199	245
199	246
199	247
199	248
199	249
199	250
199	251
199	252
199	253
199	254
199	255
199	256
199	257
199	258
199	259
199	260
199	261
199	262
199	263
199	264
199	265
199	266
199	269
199	270
199	271
200	224
200	225
200	226
200	227
200	228
200	229
200	230
200	231
200	232
200	233
200	234
200	235
200	236
200	237
200	238
200	239
200	240
200	241
200	242
200	243
200	244
200	245
200	246
200	247
200	248
200	249
200	250
200	251
200	252
200	253
200	254
200	255
200	256
200	257
200	258
200	259
200	260
200	261
200	262
200	263
200	264
200	265
200	266
200	269
200	270
200	271
200	272
201	224
201	225
201	226
201	227
201	228
201	229
201	230
201	231
201	232
201	233
201	234
201	235
201	236
201	237
201	238
201	239
201	240
201	241
201	242
201	243
201	244
201	245
201	246
201	247
201	248
201	249
201	250
201	251
201	252
201	253
201	254
201	256
201	257
201	258
201	259
201	260
201	261
201	262
201	263
201	264
201	265
201	266
201	267
201	268
201	269
201	270
201	271
202	224
202	225
202	226
202	227
202	228
202	229
202	230
202	231
202	232
202	233
202	234
202	235
202	236
202	237
202	238
202	239
202	240
202	241
202	242
202	243
202	244
202	245
202	246
202	247
202	248
202	249
202	250
202	251
202	252
202	253
202	254
202	255
202	256
202	257
202	258
202	259
202	260
202	261
202	262
202	263
202	264
202	265
202	266
202	267
202	268
202	269
202	270
203	224
203	225
203	226
203	227
203	228
203	229
203	230
203	231
203	232
203	233
203	234
203	235
203	236
203	237
203	238
203	239
203	240
203	241
203	242
203	243
203	244
203	245
203	246
203	247
203	248
203	249
203	250
203	251
203	252
203	253
203	254
203	255
203	256
203	257
203	258
203	259
203	260
203	261
203	262
203	263
203	264
203	265
203	266
203	267
203	268
203	269
203	270
203	272
204	225
204	226
204	227
204	228
204	229
204	230
204	231
204	232
204	233
204	234
204	235
204	236
204	237
204	238
204	239
204	240
204	241
204	242
204	243
204	244
204	245
204	246
204	247
204	248
204	249
204	250
204	251
204	252
204	253
204	254
204	255
204	256
204	257
204	258
204	259
204	261
204	262
204	263
204	264
204	265
204	266
204	267
204	268
204	269
204	270
205	225
205	226
205	227
205	228
205	229
205	230
205	231
205	232
205	233
205	234
205	235
205	236
205	237
205	238
205	239
205	240
205	241
205	242
205	243
205	244
205	245
205	246
205	247
205	248
205	249
205	250
205	251
205	252
205	253
205	254
205	255
205	256
205	257
205	258
205	259
205	260
205	261
205	262
205	263
205	264
205	265
205	266
205	267
205	268
206	225
206	226
206	227
206	228
206	229
206	230
206	231
206	232
206	233
206	234
206	235
206	236
206	237
206	238
206	239
206	240
206	241
206	242
206	243
206	244
206	245
206	246
206	247
206	248
206	249
206	250
206	251
206	252
206	254
206	257
206	258
206	259
206	260
206	261
206	262
206	263
206	264
206	265
206	266
206	268
206	269
206	270
206	272
207	225
207	226
207	227
207	228
207	229
207	230
207	231
207	232
207	233
207	234
207	235
207	236
207	237
207	238
207	239
207	240
207	241
207	242
207	243
207	244
207	245
207	246
207	247
207	248
207	249
207	250
207	251
207	252
207	253
207	255
207	256
207	257
207	258
207	259
207	260
207	261
207	262
207	263
207	264
207	265
207	267
207	268
207	269
207	270
208	225
208	226
208	227
208	228
208	229
208	230
208	231
208	232
208	233
208	234
208	235
208	236
208	237
208	238
208	239
208	240
208	241
208	242
208	243
208	244
208	245
208	246
208	247
208	249
208	250
208	251
208	252
208	253
208	254
208	255
208	256
208	257
208	258
208	259
208	260
208	261
208	262
208	263
208	264
208	265
208	266
208	267
208	268
208	269
208	270
209	231
209	232
209	234
209	239
209	240
209	244
209	245
209	246
209	255
209	256
209	260
209	261
209	262